 -323255.185794		 -328354.303288		 -338743.059603		 -349331.579849		 -360139.019051		 -371195.742620		 -382545.029244		 -394244.304470		 -406362.900013		 -418966.318074		 -432052.549386		 -445825.155292		 -448479.176495		 -450745.006500		 -452852.767578		 -454886.478921		 -456887.800641		 -458887.607513		 -460924.129113		 -463073.986059		 -465537.411132		 -468527.598270		 -481873.282586		 -495025.134466		 -507621.754530		 -519664.948597		 -531229.747965		 -542389.528309		 -553199.456261		 -563694.963450		 -568794.080944		
 -318156.068299		 -328354.303288		 -338743.059603		 -349331.579849		 -360139.019051		 -371195.742620		 -382545.029244		 -394244.304470		 -406362.900013		 -418966.318074		 -432052.549386		 -445825.155292		 -448479.176495		 -450745.006500		 -452852.767578		 -454886.478921		 -456887.800641		 -458887.607513		 -460924.129113		 -463073.986059		 -465537.411132		 -468527.598270		 -481873.282586		 -495025.134466		 -507621.754530		 -519664.948597		 -531229.747965		 -542389.528309		 -553199.456261		 -563694.963450		 -573893.198439		
 -317965.546972		 -328163.781961		 -338543.295673		 -349112.660893		 -359889.734685		 -370903.179564		 -382195.040641		 -393824.984154		 -405878.077494		 -418483.504824		 -431877.610416		 -446161.108323		 -448631.483654		 -450807.024983		 -452881.821057		 -454899.187018		 -456888.394992		 -458873.202457		 -460879.661891		 -462950.957328		 -465010.649066		 -466913.939570		 -482067.115020		 -495580.366284		 -508175.180525		 -520143.343297		 -531634.766988		 -542739.380700		 -553513.877024		 -563992.235650		 -574190.470639		
 -317593.746922		 -327791.981911		 -338153.680235		 -348686.033364		 -359404.079233		 -370332.200310		 -381506.969603		 -392982.514011		 -404840.920983		 -417212.013314		 -430301.843504		 -444361.513773		 -449078.624814		 -450969.788721		 -452968.304650		 -454940.053103		 -456893.389854		 -458837.145431		 -460770.358664		 -462666.964003		 -464507.905796		 -469180.010456		 -483900.871640		 -497054.035125		 -509355.257990		 -521098.477079		 -532426.595990		 -543419.350480		 -554124.435486		 -564569.631487		 -574767.866476		
 -317058.483537		 -327256.718526		 -337593.409993		 -348073.713094		 -358708.348573		 -369514.572841		 -380518.123448		 -391757.181305		 -403291.079113		 -415221.783946		 -427756.236515		 -441428.251194		 -449485.364745		 -451025.200436		 -453081.555719		 -454999.330889		 -456907.965889		 -458811.630749		 -460697.663332		 -462524.842530		 -464083.536606		 -475056.264008		 -487302.325960		 -499379.644587		 -511093.339231		 -522468.711037		 -533553.789412		 -544386.989745		 -554994.882953		 -565393.988337		 -575592.223326		
 -316384.763673		 -326582.998661		 -336889.528117		 -347307.060445		 -357841.029124		 -368499.619031		 -379293.770045		 -390237.008648		 -401344.430218		 -412627.806841		 -424073.067415		 -435534.470719		 -446211.520694		 -449849.956802		 -453333.386901		 -455067.748846		 -456927.512063		 -458791.540554		 -460559.243878		 -464652.078884		 -468273.380779		 -479659.183011		 -490872.523604		 -502068.878030		 -513169.743310		 -524129.238427		 -534932.860877		 -545579.936135		 -556074.118242		 -566419.215582		 -576617.450571		
 -315602.749341		 -325800.984330		 -336074.643371		 -346423.971444		 -356849.088448		 -367349.104114		 -377920.329053		 -388552.653025		 -399221.826269		 -409871.945785		 -420373.755584		 -430425.043575		 -439339.290449		 -445847.045488		 -452175.347981		 -454497.915706		 -457080.321073		 -459675.968155		 -462039.583420		 -468629.379555		 -475285.632650		 -484434.563652		 -494459.707414		 -504853.600621		 -515387.517552		 -525945.638483		 -536468.479534		 -546925.775677		 -557302.438299		 -567591.305179		 -577789.540168		
 -314745.310957		 -324943.545946		 -335184.089591		 -345465.093514		 -355782.249109		 -366127.379925		 -376485.789027		 -386831.448130		 -397118.276047		 -407264.394447		 -417124.965561		 -426452.657547		 -434873.552040		 -442023.586720		 -448232.996596		 -452908.607283		 -457181.176097		 -461470.774640		 -466203.792167		 -472540.223267		 -479805.206614		 -488333.731534		 -497678.141777		 -507498.299490		 -517581.087794		 -527797.318419		 -538069.643098		 -548352.248738		 -558618.554098		 -568854.026667		 -579052.261656		
 -313845.563917		 -324043.798905		 -334253.075534		 -344470.063912		 -354687.434549		 -364892.377449		 -375063.999002		 -385169.074419		 -395155.435344		 -404942.390394		 -414409.054666		 -423387.069011		 -431678.673444		 -439140.752755		 -445824.444400		 -451722.340733		 -457265.001393		 -462822.162142		 -468764.587341		 -475522.514731		 -483061.239006		 -491417.014093		 -500420.828671		 -509880.367767		 -519641.215714		 -529592.904302		 -539660.525700		 -549795.022081		 -559965.502687		 -570153.985736		 -580352.220725		
 -312934.775237		 -323133.010225		 -333314.349726		 -343474.652051		 -353605.047727		 -363690.696322		 -373708.755111		 -383625.415200		 -393392.000517		 -402940.677117		 -412181.793700		 -421007.890387		 -429313.319971		 -437036.306457		 -444201.687514		 -450891.309857		 -457334.326600		 -463788.285195		 -470509.880322		 -477724.009310		 -485500.220587		 -493852.257162		 -502707.791046		 -511961.127193		 -521510.502993		 -531272.557376		 -541184.533318		 -551201.811200		 -561294.448834		 -571444.192864		 -581642.427853		
 -312040.882045		 -322239.117034		 -332396.661093		 -342509.146839		 -352567.407984		 -362556.604999		 -372454.909922		 -382231.830753		 -391846.474405		 -401246.523859		 -410369.552628		 -419149.378868		 -427530.409596		 -435489.465587		 -443054.689342		 -450306.884581		 -457392.709956		 -464486.771715		 -471762.639443		 -479363.421600		 -487363.376869		 -495784.002922		 -504596.951156		 -513745.846967		 -523167.111690		 -532802.288892		 -542603.238997		 -552533.240564		 -562566.288586		 -572685.909034		 -582884.144023		
 -311187.679783		 -321385.914772		 -331524.030773		 -341597.866229		 -351598.832373		 -361513.405769		 -371322.448826		 -381000.523484		 -390515.542492		 -399829.391287		 -408900.514085		 -417689.662859		 -426169.473958		 -434336.456953		 -442220.719686		 -449888.829170		 -457442.856928		 -465003.452264		 -472690.484136		 -480603.660778		 -488805.862369		 -497323.426499		 -506150.163691		 -515258.197829		 -524609.807907		 -534166.247503		 -543892.893214		 -553761.623475		 -563751.555911		 -573849.010663		 -584047.245652		
 -310394.596510		 -320592.831498		 -330715.680997		 -340759.454933		 -350716.649507		 -360575.736878		 -370320.956127		 -379932.271865		 -389385.780793		 -398654.984710		 -407713.449568		 -416539.284525		 -425121.366425		 -433466.168580		 -441602.903281		 -449584.855485		 -457486.436322		 -465393.696277		 -473392.184060		 -481554.875006		 -489932.985329		 -498553.677014		 -507422.079281		 -516526.972750		 -525847.674605		 -535360.000000		 -545040.462882		 -554868.804209		 -564829.300921		 -574911.332056		 -585109.567045		
 -309676.898725		 -319875.133714		 -329986.406784		 -340007.622998		 -349932.573846		 -359751.936108		 -369453.366941		 -379021.827054		 -388440.324106		 -397691.317191		 -406759.014951		 -415632.659249		 -424310.538635		 -432803.947661		 -441139.869371		 -449361.253166		 -457524.336599		 -465692.712462		 -473929.680822		 -482290.669855		 -490817.526929		 -499536.216947		 -508457.503669		 -517579.939285		 -526893.917764		 -536385.615010		 -546040.154105		 -555843.829557		 -565785.511507		 -575857.449596		 -586055.684585		
 -309046.162860		 -319244.397849		 -329347.189428		 -339352.056428		 -349254.086772		 -359046.066766		 -368718.748475		 -378261.345305		 -387662.371388		 -396910.944995		 -405998.633797		 -414921.798885		 -423684.181207		 -432299.214058		 -440791.373378		 -449195.951209		 -457556.944446		 -465923.136149		 -474343.156912		 -482860.596664		 -491510.235584		 -500316.160175		 -509291.779163		 -518441.362957		 -527762.442155		 -537248.388170		 -546890.708971		 -556680.848409		 -566611.465952		 -576677.270236		 -586875.505225		
 -308510.870404		 -318709.105393		 -328805.896651		 -338799.326513		 -348685.650049		 -358459.495711		 -368114.214886		 -377642.434302		 -387036.871146		 -396291.457605		 -405402.776357		 -414371.721287		 -423205.173250		 -431917.353985		 -440530.458874		 -449074.233847		 -457584.353825		 -466099.730778		 -474659.214012		 -483298.324305		 -492046.658569		 -500926.409007		 -509952.089849		 -519131.291227		 -528466.099730		 -537954.786545		 -547593.445201		 -557377.389157		 -567302.233657		 -577364.660172		 -587562.895161		
 -308077.021679		 -318275.256668		 -328367.965270		 -338353.702923		 -348229.691200		 -357992.051142		 -367636.181058		 -377157.305872		 -386551.221288		 -395815.237921		 -404949.292738		 -413957.136657		 -422847.436520		 -431634.569758		 -440338.874285		 -448986.171479		 -457606.506230		 -466232.219125		 -474895.644052		 -483626.827975		 -492451.665379		 -501390.727434		 -510458.880001		 -519665.612371		 -529015.878992		 -538511.213078		 -548150.896130		 -557933.029360		 -567855.419346		 -577916.241635		 -588114.476623		
 -307748.699339		 -317946.934328		 -328037.004840		 -338017.828708		 -347887.360687		 -357642.836597		 -367281.152332		 -376799.386839		 -386195.470213		 -395468.980054		 -404622.020017		 -413660.096082		 -422592.866416		 -431434.614241		 -440204.297030		 -448925.071554		 -457623.280491		 -466326.995441		 -475064.315095		 -483861.678165		 -492742.447539		 -501725.955348		 -510827.090349		 -520056.399264		 -529420.590791		 -538923.290646		 -548565.896880		 -558348.412807		 -568270.172731		 -578330.410398		 -588528.645386		
 -307528.541477		 -317726.776465		 -327815.291054		 -337793.246383		 -347659.086243		 -357410.782229		 -367046.204833		 -376563.618940		 -385962.292672		 -395243.192064		 -404409.711195		 -413468.361239		 -422429.318821		 -431306.723759		 -440118.628042		 -448886.537214		 -457634.548738		 -466388.167054		 -475172.942724		 -484013.122050		 -492930.491264		 -501943.556070		 -511067.126785		 -520312.303544		 -529686.794261		 -539195.461835		 -548840.987938		 -558624.552256		 -568546.448376		 -578606.581838		 -588804.816827		
 -307418.104014		 -317616.339002		 -327704.136528		 -337680.779527		 -347544.955671		 -357295.001243		 -366929.265830		 -376446.591414		 -385846.889473		 -395131.784333		 -404305.271462		 -413374.318857		 -422349.323870		 -431244.333932		 -440076.954166		 -448867.900524		 -457640.210192		 -466418.181314		 -475226.166695		 -484087.376048		 -493022.839398		 -502050.650881		 -511185.557177		 -520438.893865		 -529818.820874		 -539330.774496		 -548978.040779		 -558762.359904		 -568684.486677		 -578744.651752		 -588942.886741		
 -312517.221508		 -317616.339002		 -327704.136528		 -337680.779527		 -347544.955671		 -357295.001243		 -366929.265830		 -376446.591414		 -385846.889473		 -395131.784333		 -404305.271462		 -413374.318857		 -422349.323870		 -431244.333932		 -440076.954166		 -448867.900524		 -457640.210192		 -466418.181314		 -475226.166695		 -484087.376048		 -493022.839398		 -502050.650881		 -511185.557177		 -520438.893865		 -529818.820874		 -539330.774496		 -548978.040779		 -558762.359904		 -568684.486677		 -578744.651752		 -583843.769246		
