       0.000000      -0.010084      -0.019955      -0.030285      -0.041624      -0.054567      -0.069650      -0.086837      -0.104263      -0.115772      -0.140635       0.580160       1.153970       0.858069       0.804863       0.885939       0.890387       0.877944       0.850279       0.817673       0.796573       0.430047      -0.009137      -0.097138      -0.098930      -0.081807      -0.062192      -0.043979      -0.027612      -0.012378       0.003008
       0.989861       0.999155       1.008672       1.018985       1.030632       1.044102       1.060023       1.079000       1.101198       1.124890       1.153536       1.088061       0.968450       0.915851       0.893391       0.883041       0.879632       0.882936       0.897388       0.938510       1.019376       1.109583       1.144411       1.125984       1.098679       1.073284       1.051655       1.033328       1.017208       1.002385       0.987995
       1.980622       2.008270       2.036532       2.066902       2.100906       2.140232       2.186933       2.243350       2.311573       2.391875       2.490373       2.636615       2.580429       2.378296       2.294745       2.253193       2.238592       2.249520       2.299590       2.394850       2.515376       2.562415       2.496810       2.397339       2.304983       2.227241       2.162723       2.108224       2.060455       2.016500       1.973539
       2.972253       3.016754       3.062333       3.111222       3.165800       3.228900       3.304043       3.395774       3.509828       3.653207       3.834272       4.390588       4.636475       4.373588       4.271051       4.197438       4.167987       4.178228       4.237944       4.323641       4.387457       4.210719       3.882937       3.661508       3.496739       3.368078       3.263956       3.176503       3.099876       3.029293       2.960296
       3.964828       4.024172       4.084863       4.149797       4.222040       4.305340       4.404480       4.525920       4.678867       4.876990       5.142151       5.721531       6.128694       6.208621       6.218515       6.097642       6.057873       6.057628       6.087046       6.069871       5.939224       5.590208       5.162603       4.868861       4.652341       4.484446       4.348637       4.234147       4.133340       4.040169       3.948976
       4.958751       5.030293       5.103222       5.180957       5.267048       5.365742       5.482487       5.624610       5.802839       6.033794       6.346027       6.796836       7.315333       7.775238       7.953061       7.916851       7.905416       7.877063       7.824414       7.641929       7.217773       6.713422       6.308221       5.998660       5.759191       5.568654       5.411947       5.278189       5.159307       5.048800       4.940429
       5.954178       6.034761       6.116754       6.203723       6.299361       6.408011       6.534964       6.687212       6.874294       7.109459       7.411404       7.804511       8.305166       8.774995       9.091915       9.269841       9.316450       9.244483       9.040410       8.708675       8.232656       7.737398       7.358014       7.058149       6.816943       6.618894       6.452125       6.307317       6.176943       6.054826       5.935036
       6.951328       7.037698       7.125388       7.217881       7.318734       7.431928       7.562164       7.715138       7.897818       8.118469       8.385717       8.704651       9.065098       9.417299       9.737387       9.961086      10.024473       9.942706       9.700650       9.366775       9.007191       8.645433       8.328232       8.058939       7.831480       7.637855       7.470276       7.321834       7.186278       7.058199       6.932386
       7.950238       8.039192       8.129310       8.223796       8.325872       8.438920       8.566739       8.713479       8.883491       9.080950       9.308341       9.563178       9.833092      10.091714      10.312758      10.460935      10.506457      10.445718      10.283217      10.050505       9.783786       9.508921       9.250477       9.017879       8.812255       8.630806       8.469347       8.323324       8.188007       8.059016       7.932072
       8.950491       9.039123       9.128783       9.222214       9.322158       9.431355       9.552561       9.688605       9.841806      10.013630      10.203465      10.406557      10.612270      10.803500      10.960818      11.063273      11.094629      11.050442      10.935948      10.768201      10.568539      10.356064      10.146789       9.949825       9.768793       9.603806       9.453111       9.314006       9.183255       9.057511       8.933428
       9.952176      10.037773      10.124422      10.214235      10.309340      10.411894      10.523820      10.646691      10.781575      10.928469      11.085341      11.247288      11.405846      11.549122      11.663770      11.736729      11.758402      11.725640      11.642118      11.517915      11.366246      11.200183      11.030882      10.865905      10.709289      10.562539      10.425329      10.296263      10.173378      10.054262       9.936412
      10.954719      11.035375      11.116912      11.200964      11.289175      11.383156      11.484098      11.592757      11.709465      11.833440      11.962213      12.091409      12.214561      12.323318      12.408433      12.461464      12.476557      12.451687      12.389180      12.295270      12.178480      12.047689      11.910751      11.773595      11.639930      11.511681      11.389345      11.272385      11.159710      11.049747      10.940823
      11.957894      12.032054      12.106816      12.183475      12.263301      12.347382      12.436420      12.530766      12.630232      12.733641      12.838630      12.941602      13.037654      13.120839      13.184818      13.223988      13.234541      13.215266      13.167654      13.095670      13.004914      12.901430      12.790842      12.677681      12.565073      12.454858      12.347902      12.244269      12.143400      12.044368      11.946181
      12.961843      13.028034      13.094689      13.162755      13.233133      13.306528      13.383398      13.463765      13.547096      13.632200      13.717019      13.798700      13.873548      13.937300      13.985683      14.014898      14.022352      14.007231      13.970611      13.915083      13.844314      13.762515      13.673696      13.581229      13.487671      13.394646      13.303072      13.213389      13.125398      13.038535      12.952178
      13.966348      14.023452      14.081026      14.139643      14.199873      14.262217      14.326874      14.393677      14.462000      14.530797      14.598411      14.662495      14.720366      14.769064      14.805609      14.827410      14.832700      14.820864      14.792659      14.749864      14.694949      14.630816      14.560293      14.485865      14.409553      14.332768      14.256384      14.180901      14.106386      14.032462      13.958663
      14.970920      15.018373      15.066230      15.114824      15.164500      15.215583      15.268114      15.321861      15.376273      15.430447      15.483082      15.532403      15.576436      15.613090      15.640334      15.656422      15.660099      15.650983      15.629531      15.596962      15.555042      15.505658      15.450816      15.392407      15.331896      15.270451      15.208872      15.147571      15.086715      15.026124      14.965530
      15.975618      16.013031      16.050701      16.088852      16.127703      16.167436      16.208075      16.249332      16.290745      16.331608      16.370951      16.407556      16.439950      16.466682      16.486366      16.497852      16.500347      16.493521      16.477686      16.453700      16.422733      16.386074      16.345083      16.301111      16.255253      16.208401      16.161148      16.113854      16.066692      16.019586      15.972403
      16.980855      17.007761      17.034829      17.062202      17.090023      17.118421      17.147366      17.176602      17.205738      17.234281      17.261550      17.286748      17.308976      17.327282      17.340651      17.348299      17.349827      17.345011      17.334049      17.317488      17.296076      17.270756      17.242356      17.211727      17.179691      17.146830      17.113544      17.080114      17.046650      17.013113      16.979435
      17.986392      18.002534      18.018764      18.035178      18.051877      18.068952      18.086345      18.103855      18.121267      18.138227      18.154226      18.168919      18.181909      18.192638      18.200491      18.204865      18.205543      18.202569      18.195996      18.186090      18.173419      18.158541      18.141870      18.123905      18.105047      18.085684      18.066146      18.046450      18.026633      18.006703      17.986653
      18.991831      18.997128      19.002474      19.007920      19.013516      19.019285      19.025213      19.031210      19.037197      19.042969      19.048274      19.053042      19.057259      19.060825      19.063479      19.064904      19.064952      19.063680      19.061173      19.057612      19.053284      19.048373      19.042962      19.037151      19.031055      19.024906      19.018821      19.012697      19.006484      19.000112      18.993498
      19.996776      19.991293      19.985893      19.980533      19.975149      19.969646      19.964145      19.958784      19.953361      19.947974      19.942983      19.938080      19.933540      19.929988      19.927268      19.925813      19.925593      19.925892      19.927275      19.930225      19.934213      19.939213      19.944984      19.950930      19.957435      19.964451      19.971393      19.978641      19.986014      19.993051      19.999274
