 TITLE = "psi"
 VARIABLES = "X", "Y", "psi"
ZONE T="area_e", I=21, J=41, F=POINT
  0.000000000000000E+000  0.000000000000000E+000  0.105193782464420     
  0.000000000000000E+000  0.500000000000000       0.355521374277414     
  0.000000000000000E+000   1.00000000000000       0.706353513433722     
  0.000000000000000E+000   1.50000000000000        1.03833620705390     
  0.000000000000000E+000   2.00000000000000        1.43036918626119     
  0.000000000000000E+000   2.50000000000000        1.79705289365866     
  0.000000000000000E+000   3.00000000000000        2.23367850800095     
  0.000000000000000E+000   3.50000000000000        2.63924771242747     
  0.000000000000000E+000   4.00000000000000        3.12204892142605     
  0.000000000000000E+000   4.50000000000000        3.56807620224726     
  0.000000000000000E+000   5.00000000000000        4.09759017355958     
  0.000000000000000E+000   5.50000000000000        4.58419683618468     
  0.000000000000000E+000   6.00000000000000        5.16048102556638     
  0.000000000000000E+000   6.50000000000000        5.68684103929023     
  0.000000000000000E+000   7.00000000000000        6.31000105987933     
  0.000000000000000E+000   7.50000000000000        6.87463183255294     
  0.000000000000000E+000   8.00000000000000        7.54606429683412     
  0.000000000000000E+000   8.50000000000000        8.14772024535621     
  0.000000000000000E+000   9.00000000000000        8.87708862585785     
  0.000000000000000E+000   9.50000000000000        9.52847204645813     
  0.000000000000000E+000   10.0000000000000        10.4557618453714     
  0.500000000000000       0.000000000000000E+000  0.000000000000000E+000
  0.500000000000000       0.500000000000000       0.321105601387873     
  0.500000000000000        1.00000000000000       0.653928251533969     
  0.500000000000000        1.50000000000000       0.996193689182384     
  0.500000000000000        2.00000000000000        1.36712635493621     
  0.500000000000000        2.50000000000000        1.74707288184780     
  0.500000000000000        3.00000000000000        2.15973850623226     
  0.500000000000000        3.50000000000000        2.58131223138644     
  0.500000000000000        4.00000000000000        3.03699450926952     
  0.500000000000000        4.50000000000000        3.50163236741724     
  0.500000000000000        5.00000000000000        4.00033883073716     
  0.500000000000000        5.50000000000000        4.50812628455831     
  0.500000000000000        6.00000000000000        5.04898856642699     
  0.500000000000000        6.50000000000000        5.59909784134829     
  0.500000000000000        7.00000000000000        6.18045468368119     
  0.500000000000000        7.50000000000000        6.77124379960420     
  0.500000000000000        8.00000000000000        7.39044750053431     
  0.500000000000000        8.50000000000000        8.01927243199150     
  0.500000000000000        9.00000000000000        8.67210760485643     
  0.500000000000000        9.50000000000000        9.33475649741338     
  0.500000000000000        10.0000000000000        10.0000000000000     
   1.00000000000000       0.000000000000000E+000  0.000000000000000E+000
   1.00000000000000       0.500000000000000       0.311783232962442     
   1.00000000000000        1.00000000000000       0.634094815441938     
   1.00000000000000        1.50000000000000       0.973919102041486     
   1.00000000000000        2.00000000000000        1.33874091154034     
   1.00000000000000        2.50000000000000        1.71922097692098     
   1.00000000000000        3.00000000000000        2.12788971955349     
   1.00000000000000        3.50000000000000        2.55126554711717     
   1.00000000000000        4.00000000000000        3.00414792431546     
   1.00000000000000        4.50000000000000        3.47127120525483     
   1.00000000000000        5.00000000000000        3.96796966277703     
   1.00000000000000        5.50000000000000        4.47874130200474     
   1.00000000000000        6.00000000000000        5.01822695628483     
   1.00000000000000        6.50000000000000        5.57182771113906     
   1.00000000000000        7.00000000000000        6.15246914593431     
   1.00000000000000        7.50000000000000        6.74744433282714     
   1.00000000000000        8.00000000000000        7.36686484420679     
   1.00000000000000        8.50000000000000        8.00103004483706     
   1.00000000000000        9.00000000000000        8.65586658909713     
   1.00000000000000        9.50000000000000        9.32614521012025     
   1.00000000000000        10.0000000000000        10.0000000000000     
   1.50000000000000       0.000000000000000E+000  0.000000000000000E+000
   1.50000000000000       0.500000000000000       0.300003381909729     
   1.50000000000000        1.00000000000000       0.610848639683096     
   1.50000000000000        1.50000000000000       0.944598950375642     
   1.50000000000000        2.00000000000000        1.30197584226067     
   1.50000000000000        2.50000000000000        1.68122722122869     
   1.50000000000000        3.00000000000000        2.08441420952780     
   1.50000000000000        3.50000000000000        2.50900589751497     
   1.50000000000000        4.00000000000000        2.95758185874451     
   1.50000000000000        4.50000000000000        3.42740251880328     
   1.50000000000000        5.00000000000000        3.92069026062571     
   1.50000000000000        5.50000000000000        4.43524011682130     
   1.50000000000000        6.00000000000000        4.97220418301474     
   1.50000000000000        6.50000000000000        5.53055239462619     
   1.50000000000000        7.00000000000000        6.10983123810372     
   1.50000000000000        7.50000000000000        6.71067929245361     
   1.50000000000000        8.00000000000000        7.33060236708972     
   1.50000000000000        8.50000000000000        7.97231819304841     
   1.50000000000000        9.00000000000000        8.63134341683259     
   1.50000000000000        9.50000000000000        9.31241759078907     
   1.50000000000000        10.0000000000000        10.0000000000000     
   2.00000000000000       0.000000000000000E+000  0.000000000000000E+000
   2.00000000000000       0.500000000000000       0.285392721144583     
   2.00000000000000        1.00000000000000       0.580887400794353     
   2.00000000000000        1.50000000000000       0.906698658960976     
   2.00000000000000        2.00000000000000        1.25404936446069     
   2.00000000000000        2.50000000000000        1.62953274699820     
   2.00000000000000        3.00000000000000        2.02624713657602     
   2.00000000000000        3.50000000000000        2.44977513828647     
   2.00000000000000        4.00000000000000        2.89440457991987     
   2.00000000000000        4.50000000000000        3.36510266489267     
   2.00000000000000        5.00000000000000        3.85642418164934     
   2.00000000000000        5.50000000000000        4.37347924146266     
   2.00000000000000        6.00000000000000        4.91025200669200     
   2.00000000000000        6.50000000000000        5.47274851323895     
   2.00000000000000        7.00000000000000        6.05277184985774     
   2.00000000000000        7.50000000000000        6.66084170815587     
   2.00000000000000        8.00000000000000        7.28533720342718     
   2.00000000000000        8.50000000000000        7.93593790730412     
   2.00000000000000        9.00000000000000        8.60324503414794     
   2.00000000000000        9.50000000000000        9.29805286751359     
   2.00000000000000        10.0000000000000        10.0000000000000     
   2.50000000000000       0.000000000000000E+000  0.000000000000000E+000
   2.50000000000000       0.500000000000000       0.268244258725195     
   2.50000000000000        1.00000000000000       0.548832678316623     
   2.50000000000000        1.50000000000000       0.860682860769100     
   2.50000000000000        2.00000000000000        1.19762209562227     
   2.50000000000000        2.50000000000000        1.56503302792273     
   2.50000000000000        3.00000000000000        1.95459729732774     
   2.50000000000000        3.50000000000000        2.37418472680655     
   2.50000000000000        4.00000000000000        2.81420251333761     
   2.50000000000000        4.50000000000000        3.28404213754343     
   2.50000000000000        5.00000000000000        3.77299318562183     
   2.50000000000000        5.50000000000000        4.29174270998874     
   2.50000000000000        6.00000000000000        4.82845490394395     
   2.50000000000000        6.50000000000000        5.39507548663131     
   2.50000000000000        7.00000000000000        5.97893405885638     
   2.50000000000000        7.50000000000000        6.59294184340869     
   2.50000000000000        8.00000000000000        7.22408467926630     
   2.50000000000000        8.50000000000000        7.88574141373401     
   2.50000000000000        9.00000000000000        8.56632719719318     
   2.50000000000000        9.50000000000000        9.27799870476446     
   2.50000000000000        10.0000000000000        10.0000000000000     
   3.00000000000000       0.000000000000000E+000  0.000000000000000E+000
   3.00000000000000       0.500000000000000       0.251002698070351     
   3.00000000000000        1.00000000000000       0.513317740650704     
   3.00000000000000        1.50000000000000       0.813487315263441     
   3.00000000000000        2.00000000000000        1.13678007457575     
   3.00000000000000        2.50000000000000        1.49650652782455     
   3.00000000000000        3.00000000000000        1.87647233306215     
   3.00000000000000        3.50000000000000        2.29184374563678     
   3.00000000000000        4.00000000000000        2.72505835623858     
   3.00000000000000        4.50000000000000        3.19448155536018     
   3.00000000000000        5.00000000000000        3.68107912429935     
   3.00000000000000        5.50000000000000        4.20110446113647     
   3.00000000000000        6.00000000000000        4.73856919858544     
   3.00000000000000        6.50000000000000        5.30959024412197     
   3.00000000000000        7.00000000000000        5.89553194936529     
   3.00000000000000        7.50000000000000        6.51963171076874     
   3.00000000000000        8.00000000000000        7.15849423993154     
   3.00000000000000        8.50000000000000        7.83337838836523     
   3.00000000000000        9.00000000000000        8.52691411878595     
   3.00000000000000        9.50000000000000        9.25819099832014     
   3.00000000000000        10.0000000000000        10.0000000000000     
   3.50000000000000       0.000000000000000E+000  0.000000000000000E+000
   3.50000000000000       0.500000000000000       0.231844226196344     
   3.50000000000000        1.00000000000000       0.477643907112191     
   3.50000000000000        1.50000000000000       0.759411061275211     
   3.50000000000000        2.00000000000000        1.06971136219109     
   3.50000000000000        2.50000000000000        1.41611670278985     
   3.50000000000000        3.00000000000000        1.78666149420309     
   3.50000000000000        3.50000000000000        2.19339630513249     
   3.50000000000000        4.00000000000000        2.62137575984065     
   3.50000000000000        4.50000000000000        3.08568433801979     
   3.50000000000000        5.00000000000000        3.56930398393885     
   3.50000000000000        5.50000000000000        4.08947752582041     
   3.50000000000000        6.00000000000000        4.62780086770772     
   3.50000000000000        6.50000000000000        5.20302765150101     
   3.50000000000000        7.00000000000000        5.79642682313031     
   3.50000000000000        7.50000000000000        6.42725231041631     
   3.50000000000000        8.00000000000000        7.07789993301461     
   3.50000000000000        8.50000000000000        7.76674431741857     
   3.50000000000000        9.00000000000000        8.48007323692966     
   3.50000000000000        9.50000000000000        9.23275421454748     
   3.50000000000000        10.0000000000000        10.0000000000000     
   4.00000000000000       0.000000000000000E+000  0.000000000000000E+000
   4.00000000000000       0.500000000000000       0.213736808060166     
   4.00000000000000        1.00000000000000       0.439927409230513     
   4.00000000000000        1.50000000000000       0.707897731346209     
   4.00000000000000        2.00000000000000        1.00132514226000     
   4.00000000000000        2.50000000000000        1.33769507361941     
   4.00000000000000        3.00000000000000        1.69623875895860     
   4.00000000000000        3.50000000000000        2.09553952884338     
   4.00000000000000        4.00000000000000        2.51402468267998     
   4.00000000000000        4.50000000000000        2.97612608871458     
   4.00000000000000        5.00000000000000        3.45530118786280     
   4.00000000000000        5.50000000000000        3.97632858496489     
   4.00000000000000        6.00000000000000        4.51456096806763     
   4.00000000000000        6.50000000000000        5.09511916374915     
   4.00000000000000        7.00000000000000        5.69320380952876     
   4.00000000000000        7.50000000000000        6.33455401509439     
   4.00000000000000        8.00000000000000        6.99537699700986     
   4.00000000000000        8.50000000000000        7.70105116634898     
   4.00000000000000        9.00000000000000        8.43095901117026     
   4.00000000000000        9.50000000000000        9.20822273492649     
   4.00000000000000        10.0000000000000        10.0000000000000     
   4.50000000000000       0.000000000000000E+000  0.000000000000000E+000
   4.50000000000000       0.500000000000000       0.194489316831806     
   4.50000000000000        1.00000000000000       0.403983151783025     
   4.50000000000000        1.50000000000000       0.651473409459120     
   4.50000000000000        2.00000000000000       0.930919791974669     
   4.50000000000000        2.50000000000000        1.24986831635273     
   4.50000000000000        3.00000000000000        1.59666089877447     
   4.50000000000000        3.50000000000000        1.98401652327255     
   4.50000000000000        4.00000000000000        2.39602623348967     
   4.50000000000000        4.50000000000000        2.84946321604086     
   4.50000000000000        5.00000000000000        3.32555427470286     
   4.50000000000000        5.50000000000000        3.84390952935513     
   4.50000000000000        6.00000000000000        4.38410366145164     
   4.50000000000000        6.50000000000000        4.96748537169184     
   4.50000000000000        7.00000000000000        5.57352215585942     
   4.50000000000000        7.50000000000000        6.22387414295110     
   4.50000000000000        8.00000000000000        6.90001786579148     
   4.50000000000000        8.50000000000000        7.62194881853897     
   4.50000000000000        9.00000000000000        8.37630354076030     
   4.50000000000000        9.50000000000000        9.17845507918496     
   4.50000000000000        10.0000000000000        10.0000000000000     
   5.00000000000000       0.000000000000000E+000  0.000000000000000E+000
   5.00000000000000       0.500000000000000       0.176699435680148     
   5.00000000000000        1.00000000000000       0.366481991623188     
   5.00000000000000        1.50000000000000       0.599348372997560     
   5.00000000000000        2.00000000000000       0.859361127858848     
   5.00000000000000        2.50000000000000        1.16738387588742     
   5.00000000000000        3.00000000000000        1.49934157485678     
   5.00000000000000        3.50000000000000        1.87762134074593     
   5.00000000000000        4.00000000000000        2.27875944205992     
   5.00000000000000        4.50000000000000        2.72722339076526     
   5.00000000000000        5.00000000000000        3.19703930171932     
   5.00000000000000        5.50000000000000        3.71521853647898     
   5.00000000000000        6.00000000000000        4.25435565790065     
   5.00000000000000        6.50000000000000        4.84314658037302     
   5.00000000000000        7.00000000000000        5.45401973703348     
   5.00000000000000        7.50000000000000        6.11631467911350     
   5.00000000000000        8.00000000000000        6.80299570720363     
   5.00000000000000        8.50000000000000        7.54563346279530     
   5.00000000000000        9.00000000000000        8.31931196222626     
   5.00000000000000        9.50000000000000        9.15001755895364     
   5.00000000000000        10.0000000000000        10.0000000000000     
   5.50000000000000       0.000000000000000E+000  0.000000000000000E+000
   5.50000000000000       0.500000000000000       0.158505650688303     
   5.50000000000000        1.00000000000000       0.332398146304512     
   5.50000000000000        1.50000000000000       0.544351032362617     
   5.50000000000000        2.00000000000000       0.790792367935355     
   5.50000000000000        2.50000000000000        1.07839395759323     
   5.50000000000000        3.00000000000000        1.39786395243518     
   5.50000000000000        3.50000000000000        1.76085344170203     
   5.50000000000000        4.00000000000000        2.15329042795995     
   5.50000000000000        4.50000000000000        2.59119739576413     
   5.50000000000000        5.00000000000000        3.05713581921868     
   5.50000000000000        5.50000000000000        3.57034521510118     
   5.50000000000000        6.00000000000000        4.11149940192176     
   5.50000000000000        6.50000000000000        4.70177063396903     
   5.50000000000000        7.00000000000000        5.32176172763787     
   5.50000000000000        7.50000000000000        5.99294102761137     
   5.50000000000000        8.00000000000000        6.69833079927658     
   5.50000000000000        8.50000000000000        7.45741165736031     
   5.50000000000000        9.00000000000000        8.25873707168652     
   5.50000000000000        9.50000000000000        9.11691100830141     
   5.50000000000000        10.0000000000000        10.0000000000000     
   6.00000000000000       0.000000000000000E+000  0.000000000000000E+000
   6.00000000000000       0.500000000000000       0.141799793782447     
   6.00000000000000        1.00000000000000       0.296745481164565     
   6.00000000000000        1.50000000000000       0.494154929898804     
   6.00000000000000        2.00000000000000       0.720720746429167     
   6.00000000000000        2.50000000000000       0.996253914157145     
   6.00000000000000        3.00000000000000        1.29927377499469     
   6.00000000000000        3.50000000000000        1.65171621050395     
   6.00000000000000        4.00000000000000        2.03126728807810     
   6.00000000000000        4.50000000000000        2.46271134190106     
   6.00000000000000        5.00000000000000        2.92046476051519     
   6.00000000000000        5.50000000000000        3.43245232701406     
   6.00000000000000        6.00000000000000        3.97115438672067     
   6.00000000000000        6.50000000000000        4.56660810103197     
   6.00000000000000        7.00000000000000        5.19005271600408     
   6.00000000000000        7.50000000000000        5.87495373028072     
   6.00000000000000        8.00000000000000        6.59115287710155     
   6.00000000000000        8.50000000000000        7.37324701061630     
   6.00000000000000        9.00000000000000        8.19514439635349     
   6.00000000000000        9.50000000000000        9.08542215359819     
   6.00000000000000        10.0000000000000        10.0000000000000     
   6.50000000000000       0.000000000000000E+000  0.000000000000000E+000
   6.50000000000000       0.500000000000000       0.125314583586405     
   6.50000000000000        1.00000000000000       0.265768070654556     
   6.50000000000000        1.50000000000000       0.442905866627562     
   6.50000000000000        2.00000000000000       0.655916140813416     
   6.50000000000000        2.50000000000000       0.910398747809140     
   6.50000000000000        3.00000000000000        1.20033819508798     
   6.50000000000000        3.50000000000000        1.53561769453359     
   6.50000000000000        4.00000000000000        1.90553230299528     
   6.50000000000000        4.50000000000000        2.32410771540933     
   6.50000000000000        5.00000000000000        2.77716746879006     
   6.50000000000000        5.50000000000000        3.28197616966083     
   6.50000000000000        6.00000000000000        3.82238738912477     
   6.50000000000000        6.50000000000000        4.41765709203840     
   6.50000000000000        7.00000000000000        5.05162035626392     
   6.50000000000000        7.50000000000000        5.74381448659437     
   6.50000000000000        8.00000000000000        6.48035568363495     
   6.50000000000000        8.50000000000000        7.27899236466488     
   6.50000000000000        9.00000000000000        8.13109749795119     
   6.50000000000000        9.50000000000000        9.04991861215174     
   6.50000000000000        10.0000000000000        10.0000000000000     
   7.00000000000000       0.000000000000000E+000  0.000000000000000E+000
   7.00000000000000       0.500000000000000       0.110168489005394     
   7.00000000000000        1.00000000000000       0.233023467128256     
   7.00000000000000        1.50000000000000       0.396316069450236     
   7.00000000000000        2.00000000000000       0.589717184021007     
   7.00000000000000        2.50000000000000       0.831719768947133     
   7.00000000000000        3.00000000000000        1.10425070738567     
   7.00000000000000        3.50000000000000        1.42810258534608     
   7.00000000000000        4.00000000000000        1.78351656331879     
   7.00000000000000        4.50000000000000        2.19448398108504     
   7.00000000000000        5.00000000000000        2.63750841713339     
   7.00000000000000        5.50000000000000        3.14009087481468     
   7.00000000000000        6.00000000000000        3.67570377874423     
   7.00000000000000        6.50000000000000        4.27645344977890     
   7.00000000000000        7.00000000000000        4.91265634837624     
   7.00000000000000        7.50000000000000        5.61904257805421     
   7.00000000000000        8.00000000000000        6.36721814445144     
   7.00000000000000        8.50000000000000        7.18907042203631     
   7.00000000000000        9.00000000000000        8.06238978925715     
   7.00000000000000        9.50000000000000        9.01607334745898     
   7.00000000000000        10.0000000000000        10.0000000000000     
   7.50000000000000       0.000000000000000E+000  0.000000000000000E+000
   7.50000000000000       0.500000000000000       9.573758145734976E-002
   7.50000000000000        1.00000000000000       0.205823668088414     
   7.50000000000000        1.50000000000000       0.350170223080715     
   7.50000000000000        2.00000000000000       0.530596887430369     
   7.50000000000000        2.50000000000000       0.751760358902121     
   7.50000000000000        3.00000000000000        1.01114428335345     
   7.50000000000000        3.50000000000000        1.31676789939697     
   7.50000000000000        4.00000000000000        1.66195037622882     
   7.50000000000000        4.50000000000000        2.05828116868696     
   7.50000000000000        5.00000000000000        2.49585166059576     
   7.50000000000000        5.50000000000000        2.98922286255299     
   7.50000000000000        6.00000000000000        3.52676065551954     
   7.50000000000000        6.50000000000000        4.12480397391378     
   7.50000000000000        7.00000000000000        4.77158679604985     
   7.50000000000000        7.50000000000000        5.48388434417193     
   7.50000000000000        8.00000000000000        6.25186042848817     
   7.50000000000000        8.50000000000000        7.09092521841372     
   7.50000000000000        9.00000000000000        7.99613650837434     
   7.50000000000000        9.50000000000000        8.97888274998211     
   7.50000000000000        10.0000000000000        10.0000000000000     
   8.00000000000000       0.000000000000000E+000  0.000000000000000E+000
   8.00000000000000       0.500000000000000       8.242653866054682E-002
   8.00000000000000        1.00000000000000       0.176631599065440     
   8.00000000000000        1.50000000000000       0.308238618099032     
   8.00000000000000        2.00000000000000       0.469843762377938     
   8.00000000000000        2.50000000000000       0.678643360711218     
   8.00000000000000        3.00000000000000       0.920203114665486     
   8.00000000000000        3.50000000000000        1.21397674057565     
   8.00000000000000        4.00000000000000        1.54343379834480     
   8.00000000000000        4.50000000000000        1.93131295175412     
   8.00000000000000        5.00000000000000        2.35717236084027     
   8.00000000000000        5.50000000000000        2.84742934533925     
   8.00000000000000        6.00000000000000        3.37707174532158     
   8.00000000000000        6.50000000000000        3.98120678744542     
   8.00000000000000        7.00000000000000        4.62960809985470     
   8.00000000000000        7.50000000000000        5.35507238512972     
   8.00000000000000        8.00000000000000        6.13370245117327     
   8.00000000000000        8.50000000000000        6.99692803655027     
   8.00000000000000        9.00000000000000        7.92332309159490     
   8.00000000000000        9.50000000000000        8.94320753684388     
   8.00000000000000        10.0000000000000        10.0000000000000     
   8.50000000000000       0.000000000000000E+000  0.000000000000000E+000
   8.50000000000000       0.500000000000000       7.019780516120430E-002
   8.50000000000000        1.00000000000000       0.153509602608301     
   8.50000000000000        1.50000000000000       0.267905418554902     
   8.50000000000000        2.00000000000000       0.417480180768497     
   8.50000000000000        2.50000000000000       0.606236244198174     
   8.50000000000000        3.00000000000000       0.834959289428525     
   8.50000000000000        3.50000000000000        1.11006409938211     
   8.50000000000000        4.00000000000000        1.42897672364305     
   8.50000000000000        4.50000000000000        1.80093056600853     
   8.50000000000000        5.00000000000000        2.22070489195387     
   8.50000000000000        5.50000000000000        2.69998348217781     
   8.50000000000000        6.00000000000000        3.23210906856314     
   8.50000000000000        6.50000000000000        3.83032471055068     
   8.50000000000000        7.00000000000000        4.48788663543167     
   8.50000000000000        7.50000000000000        5.21852053347237     
   8.50000000000000        8.00000000000000        6.01715105063334     
   8.50000000000000        8.50000000000000        6.89650903158865     
   8.50000000000000        9.00000000000000        7.85596782898451     
   8.50000000000000        9.50000000000000        8.90483187416324     
   8.50000000000000        10.0000000000000        10.0000000000000     
   9.00000000000000       0.000000000000000E+000  0.000000000000000E+000
   9.00000000000000       0.500000000000000       5.886135853113549E-002
   9.00000000000000        1.00000000000000       0.128219456277084     
   9.00000000000000        1.50000000000000       0.231244893724288     
   9.00000000000000        2.00000000000000       0.363151374234864     
   9.00000000000000        2.50000000000000       0.540023791718747     
   9.00000000000000        3.00000000000000       0.750929044806885     
   9.00000000000000        3.50000000000000        1.01409146254844     
   9.00000000000000        4.00000000000000        1.31637763385537     
   9.00000000000000        4.50000000000000        1.67925102000244     
   9.00000000000000        5.00000000000000        2.08520909408121     
   9.00000000000000        5.50000000000000        2.56111507266307     
   9.00000000000000        6.00000000000000        3.08478392855158     
   9.00000000000000        6.50000000000000        3.68704579627960     
   9.00000000000000        7.00000000000000        4.34433565666646     
   9.00000000000000        7.50000000000000        5.08780207966015     
   9.00000000000000        8.00000000000000        5.89561456797382     
   9.00000000000000        8.50000000000000        6.79967547835813     
   9.00000000000000        9.00000000000000        7.77838479283475     
   9.00000000000000        9.50000000000000        8.86767349608015     
   9.00000000000000        10.0000000000000        10.0000000000000     
   9.50000000000000       0.000000000000000E+000  0.000000000000000E+000
   9.50000000000000       0.500000000000000       4.885664752054100E-002
   9.50000000000000        1.00000000000000       0.109243167793565     
   9.50000000000000        1.50000000000000       0.197009161219763     
   9.50000000000000        2.00000000000000       0.318045797912637     
   9.50000000000000        2.50000000000000       0.476056655623680     
   9.50000000000000        3.00000000000000       0.674685304106803     
   9.50000000000000        3.50000000000000       0.919197340264309     
   9.50000000000000        4.00000000000000        1.21081835071317     
   9.50000000000000        4.50000000000000        1.55684817672159     
   9.50000000000000        5.00000000000000        1.95673330262404     
   9.50000000000000        5.50000000000000        2.41951918905653     
   9.50000000000000        6.00000000000000        2.94360289921512     
   9.50000000000000        6.50000000000000        3.53933035282279     
   9.50000000000000        7.00000000000000        4.20509143426498     
   9.50000000000000        7.50000000000000        4.95177421245889     
   9.50000000000000        8.00000000000000        5.77940753206859     
   9.50000000000000        8.50000000000000        6.69809193721450     
   9.50000000000000        9.00000000000000        7.71204527525525     
   9.50000000000000        9.50000000000000        8.82841316913808     
   9.50000000000000        10.0000000000000        10.0000000000000     
   10.0000000000000       0.000000000000000E+000  0.000000000000000E+000
   10.0000000000000       0.500000000000000       3.954421766873002E-002
   10.0000000000000        1.00000000000000       8.799717854505625E-002
   10.0000000000000        1.50000000000000       0.165937552612754     
   10.0000000000000        2.00000000000000       0.270707139191930     
   10.0000000000000        2.50000000000000       0.417561798342250     
   10.0000000000000        3.00000000000000       0.598707124363303     
   10.0000000000000        3.50000000000000       0.831422073936716     
   10.0000000000000        4.00000000000000        1.10582206470078     
   10.0000000000000        4.50000000000000        1.44233842298371     
   10.0000000000000        5.00000000000000        1.82598176067076     
   10.0000000000000        5.50000000000000        2.28556618789886     
   10.0000000000000        6.00000000000000        2.80000896166534     
   10.0000000000000        6.50000000000000        3.39818490602997     
   10.0000000000000        7.00000000000000        4.06165226768270     
   10.0000000000000        7.50000000000000        4.82070799699912     
   10.0000000000000        8.00000000000000        5.65580143286966     
   10.0000000000000        8.50000000000000        6.59957640992559     
   10.0000000000000        9.00000000000000        7.63012171688340     
   10.0000000000000        9.50000000000000        8.79026016508131     
   10.0000000000000        10.0000000000000        10.0000000000000     
   10.5000000000000       0.000000000000000E+000  0.000000000000000E+000
   10.5000000000000       0.500000000000000       3.170494269448328E-002
   10.5000000000000        1.00000000000000       7.309652960277849E-002
   10.5000000000000        1.50000000000000       0.137813088904099     
   10.5000000000000        2.00000000000000       0.232996146001014     
   10.5000000000000        2.50000000000000       0.362415811945512     
   10.5000000000000        3.00000000000000       0.532011956847510     
   10.5000000000000        3.50000000000000       0.746432657536989     
   10.5000000000000        4.00000000000000        1.01021634090089     
   10.5000000000000        4.50000000000000        1.32930431974652     
   10.5000000000000        5.00000000000000        1.70733874648771     
   10.5000000000000        5.50000000000000        2.15136730913057     
   10.5000000000000        6.00000000000000        2.66464327842391     
   10.5000000000000        6.50000000000000        3.25508613362307     
   10.5000000000000        7.00000000000000        3.92624584319848     
   10.5000000000000        7.50000000000000        4.68650187001371     
   10.5000000000000        8.00000000000000        5.54110552177165     
   10.5000000000000        8.50000000000000        6.49783640844780     
   10.5000000000000        9.00000000000000        7.56586267677789     
   10.5000000000000        9.50000000000000        8.75056198294179     
   10.5000000000000        10.0000000000000        10.0000000000000     
   11.0000000000000       0.000000000000000E+000  0.000000000000000E+000
   11.0000000000000       0.500000000000000       2.440480811001076E-002
   11.0000000000000        1.00000000000000       5.588513961887814E-002
   11.0000000000000        1.50000000000000       0.112450298385478     
   11.0000000000000        2.00000000000000       0.193135441334062     
   11.0000000000000        2.50000000000000       0.312101541196218     
   11.0000000000000        3.00000000000000       0.464208169291696     
   11.0000000000000        3.50000000000000       0.667726467553005     
   11.0000000000000        4.00000000000000       0.913929223985433     
   11.0000000000000        4.50000000000000        1.22318669175354     
   11.0000000000000        5.00000000000000        1.58379034211756     
   11.0000000000000        5.50000000000000        2.02376418653662     
   11.0000000000000        6.00000000000000        2.52550056175116     
   11.0000000000000        6.50000000000000        3.11746701779783     
   11.0000000000000        7.00000000000000        3.78416973632171     
   11.0000000000000        7.50000000000000        4.55618918135809     
   11.0000000000000        8.00000000000000        5.41624571704173     
   11.0000000000000        8.50000000000000        6.39825058082117     
   11.0000000000000        9.00000000000000        7.48146694173757     
   11.0000000000000        9.50000000000000        8.71157004612876     
   11.0000000000000        10.0000000000000        10.0000000000000     
   11.5000000000000       0.000000000000000E+000  0.000000000000000E+000
   11.5000000000000       0.500000000000000       1.861683084175123E-002
   11.5000000000000        1.00000000000000       4.490747400764526E-002
   11.5000000000000        1.50000000000000       9.027395413224568E-002
   11.5000000000000        2.00000000000000       0.162529164449384     
   11.5000000000000        2.50000000000000       0.265838829812208     
   11.5000000000000        3.00000000000000       0.407819646361459     
   11.5000000000000        3.50000000000000       0.593050583628753     
   11.5000000000000        4.00000000000000       0.828788121132442     
   11.5000000000000        4.50000000000000        1.12027048899845     
   11.5000000000000        5.00000000000000        1.47472003026652     
   11.5000000000000        5.50000000000000        1.89795831372227     
   11.5000000000000        6.00000000000000        2.39765728714726     
   11.5000000000000        6.50000000000000        2.98001141732180     
   11.5000000000000        7.00000000000000        3.65351813138999     
   11.5000000000000        7.50000000000000        4.42463317591276     
   11.5000000000000        8.00000000000000        5.30371446564746     
   11.5000000000000        8.50000000000000        6.29679710779769     
   11.5000000000000        9.00000000000000        7.41801965442189     
   11.5000000000000        9.50000000000000        8.67153130471113     
   11.5000000000000        10.0000000000000        10.0000000000000     
   12.0000000000000       0.000000000000000E+000  0.000000000000000E+000
   12.0000000000000       0.500000000000000       1.327101160771145E-002
   12.0000000000000        1.00000000000000       3.152074212743530E-002
   12.0000000000000        1.50000000000000       7.057071882937657E-002
   12.0000000000000        2.00000000000000       0.130275225675156     
   12.0000000000000        2.50000000000000       0.223911839436087     
   12.0000000000000        3.00000000000000       0.349066564486181     
   12.0000000000000        3.50000000000000       0.523965211008832     
   12.0000000000000        4.00000000000000       0.741974879877848     
   12.0000000000000        4.50000000000000        1.02340483480396     
   12.0000000000000        5.00000000000000        1.35994442275221     
   12.0000000000000        5.50000000000000        1.77777748564531     
   12.0000000000000        6.00000000000000        2.26287559323222     
   12.0000000000000        6.50000000000000        2.84699231597981     
   12.0000000000000        7.00000000000000        3.51378308752599     
   12.0000000000000        7.50000000000000        4.29594149259463     
   12.0000000000000        8.00000000000000        5.17823000847199     
   12.0000000000000        8.50000000000000        6.19661163089901     
   12.0000000000000        9.00000000000000        7.33130335631151     
   12.0000000000000        9.50000000000000        8.63180900450362     
   12.0000000000000        10.0000000000000        10.0000000000000     
   12.5000000000000       0.000000000000000E+000  0.000000000000000E+000
   12.5000000000000       0.500000000000000       9.371744306249874E-003
   12.5000000000000        1.00000000000000       2.431159766863043E-002
   12.5000000000000        1.50000000000000       5.402571634368456E-002
   12.5000000000000        2.00000000000000       0.106445547952382     
   12.5000000000000        2.50000000000000       0.186367237059077     
   12.5000000000000        3.00000000000000       0.302456195214832     
   12.5000000000000        3.50000000000000       0.459726485444103     
   12.5000000000000        4.00000000000000       0.667512153544305     
   12.5000000000000        4.50000000000000       0.931024258485712     
   12.5000000000000        5.00000000000000        1.26038801972668     
   12.5000000000000        5.50000000000000        1.66102057513924     
   12.5000000000000        6.00000000000000        2.14441214123732     
   12.5000000000000        6.50000000000000        2.71589887714098     
   12.5000000000000        7.00000000000000        3.38853507243791     
   12.5000000000000        7.50000000000000        4.16763527464716     
   12.5000000000000        8.00000000000000        5.06833404312514     
   12.5000000000000        8.50000000000000        6.09574907958014     
   12.5000000000000        9.00000000000000        7.26892471271534     
   12.5000000000000        9.50000000000000        8.59148104391317     
   12.5000000000000        10.0000000000000        10.0000000000000     
   13.0000000000000       0.000000000000000E+000  0.000000000000000E+000
   13.0000000000000       0.500000000000000       5.884917372860249E-003
   13.0000000000000        1.00000000000000       1.467717665486324E-002
   13.0000000000000        1.50000000000000       3.979304673698904E-002
   13.0000000000000        2.00000000000000       8.128895197798268E-002
   13.0000000000000        2.50000000000000       0.152791288896278     
   13.0000000000000        3.00000000000000       0.253117883369984     
   13.0000000000000        3.50000000000000       0.400509624692510     
   13.0000000000000        4.00000000000000       0.590620282883313     
   13.0000000000000        4.50000000000000       0.843944983840345     
   13.0000000000000        5.00000000000000        1.15543443401371     
   13.0000000000000        5.50000000000000        1.54913794221036     
   13.0000000000000        6.00000000000000        2.01555346103221     
   13.0000000000000        6.50000000000000        2.58854307210930     
   13.0000000000000        7.00000000000000        3.25212042724774     
   13.0000000000000        7.50000000000000        4.04143189096141     
   13.0000000000000        8.00000000000000        4.94287838643245     
   13.0000000000000        8.50000000000000        5.99547792769365     
   13.0000000000000        9.00000000000000        7.18007665831480     
   13.0000000000000        9.50000000000000        8.55116946462926     
   13.0000000000000        10.0000000000000        10.0000000000000     
   13.5000000000000       0.000000000000000E+000  0.000000000000000E+000
   13.5000000000000       0.500000000000000       3.656344272671505E-003
   13.5000000000000        1.00000000000000       1.075267076081587E-002
   13.5000000000000        1.50000000000000       2.842759800320787E-002
   13.5000000000000        2.00000000000000       6.419522801079167E-002
   13.5000000000000        2.50000000000000       0.123587361470495     
   13.5000000000000        3.00000000000000       0.215767010865485     
   13.5000000000000        3.50000000000000       0.346565022444350     
   13.5000000000000        4.00000000000000       0.526784775056092     
   13.5000000000000        4.50000000000000       0.762228204610968     
   13.5000000000000        5.00000000000000        1.06535436828895     
   13.5000000000000        5.50000000000000        1.44191250553995     
   13.5000000000000        6.00000000000000        1.90648072116047     
   13.5000000000000        6.50000000000000        2.46453229270907     
   13.5000000000000        7.00000000000000        3.13293019435000     
   13.5000000000000        7.50000000000000        3.91698082295229     
   13.5000000000000        8.00000000000000        4.83611629967735     
   13.5000000000000        8.50000000000000        5.89555715097497     
   13.5000000000000        9.00000000000000        7.11906733016891     
   13.5000000000000        9.50000000000000        8.51063796866091     
   13.5000000000000        10.0000000000000        10.0000000000000     
   14.0000000000000       0.000000000000000E+000  0.000000000000000E+000
   14.0000000000000       0.500000000000000       1.868622659488312E-003
   14.0000000000000        1.00000000000000       4.517466810277417E-003
   14.0000000000000        1.50000000000000       1.926613366780100E-002
   14.0000000000000        2.00000000000000       4.562385961418369E-002
   14.0000000000000        2.50000000000000       9.810005107718552E-002
   14.0000000000000        3.00000000000000       0.175970142083295     
   14.0000000000000        3.50000000000000       0.297273442632990     
   14.0000000000000        4.00000000000000       0.459485630275990     
   14.0000000000000        4.50000000000000       0.685403457992309     
   14.0000000000000        5.00000000000000       0.970015327691078     
   14.0000000000000        5.50000000000000        1.33914193532153     
   14.0000000000000        6.00000000000000        1.78516364159023     
   14.0000000000000        6.50000000000000        2.34387743596469     
   14.0000000000000        7.00000000000000        3.00088661761687     
   14.0000000000000        7.50000000000000        3.79429940107868     
   14.0000000000000        8.00000000000000        4.71152909746145     
   14.0000000000000        8.50000000000000        5.79590822471287     
   14.0000000000000        9.00000000000000        7.02842058895436     
   14.0000000000000        9.50000000000000        8.46995983118751     
   14.0000000000000        10.0000000000000        10.0000000000000     
   14.5000000000000       0.000000000000000E+000  0.000000000000000E+000
   14.5000000000000       0.500000000000000       9.831559051153959E-004
   14.5000000000000        1.00000000000000       3.375942393219129E-003
   14.5000000000000        1.50000000000000       1.242587266193699E-002
   14.5000000000000        2.00000000000000       3.480048186944824E-002
   14.5000000000000        2.50000000000000       7.665930131451984E-002
   14.5000000000000        3.00000000000000       0.147206778080397     
   14.5000000000000        3.50000000000000       0.253319039282957     
   14.5000000000000        4.00000000000000       0.406761446176098     
   14.5000000000000        4.50000000000000       0.614434424511297     
   14.5000000000000        5.00000000000000       0.890529026571460     
   14.5000000000000        5.50000000000000        1.24188582270467     
   14.5000000000000        6.00000000000000        1.68536304520085     
   14.5000000000000        6.50000000000000        2.22764962318352     
   14.5000000000000        7.00000000000000        2.88847564110328     
   14.5000000000000        7.50000000000000        3.67447180866393     
   14.5000000000000        8.00000000000000        4.60857834008423     
   14.5000000000000        8.50000000000000        5.69746982601813     
   14.5000000000000        9.00000000000000        6.96922339485385     
   14.5000000000000        9.50000000000000        8.42939061013488     
   14.5000000000000        10.0000000000000        10.0000000000000     
   15.0000000000000       0.000000000000000E+000  0.000000000000000E+000
   15.0000000000000       0.500000000000000       4.706496812576293E-004
   15.0000000000000        1.00000000000000       4.706496812576293E-004
   15.0000000000000        1.50000000000000       7.625201548611896E-003
   15.0000000000000        2.00000000000000       2.231641329358212E-002
   15.0000000000000        2.50000000000000       5.868089079263774E-002
   15.0000000000000        3.00000000000000       0.116594876665375     
   15.0000000000000        3.50000000000000       0.213774611556396     
   15.0000000000000        4.00000000000000       0.349646570350788     
   15.0000000000000        4.50000000000000       0.548251595266854     
   15.0000000000000        5.00000000000000       0.805514563251939     
   15.0000000000000        5.50000000000000        1.14919363063836     
   15.0000000000000        6.00000000000000        1.57279611574097     
   15.0000000000000        6.50000000000000        2.11508823475944     
   15.0000000000000        7.00000000000000        2.76226823182366     
   15.0000000000000        7.50000000000000        3.55681325928675     
   15.0000000000000        8.00000000000000        4.48615782832309     
   15.0000000000000        8.50000000000000        5.59957371464831     
   15.0000000000000        9.00000000000000        6.87741843483474     
   15.0000000000000        9.50000000000000        8.38871960804394     
   15.0000000000000        10.0000000000000        10.0000000000000     
   15.5000000000000       0.000000000000000E+000  0.000000000000000E+000
   15.5000000000000       0.500000000000000       4.706496812576293E-004
   15.5000000000000        1.00000000000000       4.706496812576293E-004
   15.5000000000000        1.50000000000000       4.377997911006804E-003
   15.5000000000000        2.00000000000000       1.666404059069997E-002
   15.5000000000000        2.50000000000000       4.415251234050342E-002
   15.5000000000000        3.00000000000000       9.569306054538587E-002
   15.5000000000000        3.50000000000000       0.179306167780206     
   15.5000000000000        4.00000000000000       0.307286410354463     
   15.5000000000000        4.50000000000000       0.488051974515920     
   15.5000000000000        5.00000000000000       0.736876630950778     
   15.5000000000000        5.50000000000000        1.06249477398545     
   15.5000000000000        6.00000000000000        1.48304493697423     
   15.5000000000000        6.50000000000000        2.00768313015413     
   15.5000000000000        7.00000000000000        2.65774965903205     
   15.5000000000000        7.50000000000000        3.44282395375839     
   15.5000000000000        8.00000000000000        4.38812710240607     
   15.5000000000000        8.50000000000000        5.50356431105981     
   15.5000000000000        9.00000000000000        6.82076460915516     
   15.5000000000000        9.50000000000000        8.34842429712848     
   15.5000000000000        10.0000000000000        10.0000000000000     
   16.0000000000000       0.000000000000000E+000  0.000000000000000E+000
   16.0000000000000       0.500000000000000       4.734347147649283E-004
   16.0000000000000        1.00000000000000       4.734347147649283E-004
   16.0000000000000        1.50000000000000       2.890436449824000E-003
   16.0000000000000        2.00000000000000       8.906509759453543E-003
   16.0000000000000        2.50000000000000       3.285181941286976E-002
   16.0000000000000        3.00000000000000       7.319636479404520E-002
   16.0000000000000        3.50000000000000       0.149055304820350     
   16.0000000000000        4.00000000000000       0.260481411151923     
   16.0000000000000        4.50000000000000       0.432786726745967     
   16.0000000000000        5.00000000000000       0.662932776916662     
   16.0000000000000        5.50000000000000       0.981125204264666     
   16.0000000000000        6.00000000000000        1.38168765913361     
   16.0000000000000        6.50000000000000        1.90531421220546     
   16.0000000000000        7.00000000000000        2.53815514582179     
   16.0000000000000        7.50000000000000        3.33259142179155     
   16.0000000000000        8.00000000000000        4.27002220928286     
   16.0000000000000        8.50000000000000        5.40929629867847     
   16.0000000000000        9.00000000000000        6.72895345394103     
   16.0000000000000        9.50000000000000        8.30831518631491     
   16.0000000000000        10.0000000000000        10.0000000000000     
   16.5000000000000       0.000000000000000E+000  0.000000000000000E+000
   16.5000000000000       0.500000000000000       4.734347147649283E-004
   16.5000000000000        1.00000000000000       4.734347147649283E-004
   16.5000000000000        1.50000000000000       1.473080536448194E-003
   16.5000000000000        2.00000000000000       7.612372858454009E-003
   16.5000000000000        2.50000000000000       2.417818716987160E-002
   16.5000000000000        3.00000000000000       5.964376811385399E-002
   16.5000000000000        3.50000000000000       0.123339419621892     
   16.5000000000000        4.00000000000000       0.227801499136838     
   16.5000000000000        4.50000000000000       0.383283055223566     
   16.5000000000000        5.00000000000000       0.605464169255384     
   16.5000000000000        5.50000000000000       0.905829563102930     
   16.5000000000000        6.00000000000000        1.30241785152171     
   16.5000000000000        6.50000000000000        1.80843192286037     
   16.5000000000000        7.00000000000000        2.44488422943813     
   16.5000000000000        7.50000000000000        3.22650860477385     
   16.5000000000000        8.00000000000000        4.17881207388188     
   16.5000000000000        8.50000000000000        5.31737403874432     
   16.5000000000000        9.00000000000000        6.67603793798122     
   16.5000000000000        9.50000000000000        8.26877783248816     
   16.5000000000000        10.0000000000000        10.0000000000000     
   17.0000000000000       0.000000000000000E+000  0.000000000000000E+000
   17.0000000000000       0.500000000000000       4.734347147649283E-004
   17.0000000000000        1.00000000000000       4.734347147649283E-004
   17.0000000000000        1.50000000000000       4.550006864947116E-003
   17.0000000000000        2.00000000000000       4.550006864947116E-003
   17.0000000000000        2.50000000000000       1.831921642945978E-002
   17.0000000000000        3.00000000000000       4.403106587339415E-002
   17.0000000000000        3.50000000000000       0.101680582463666     
   17.0000000000000        4.00000000000000       0.191289635182371     
   17.0000000000000        4.50000000000000       0.339265707340745     
   17.0000000000000        5.00000000000000       0.542758428633579     
   17.0000000000000        5.50000000000000       0.837511634441869     
   17.0000000000000        6.00000000000000        1.21492233548388     
   17.0000000000000        6.50000000000000        1.71952434588538     
   17.0000000000000        7.00000000000000        2.33607934697583     
   17.0000000000000        7.50000000000000        3.12778631581650     
   17.0000000000000        8.00000000000000        4.06867987307271     
   17.0000000000000        8.50000000000000        5.22982719572114     
   17.0000000000000        9.00000000000000        6.58603439811169     
   17.0000000000000        9.50000000000000        8.22966405028167     
   17.0000000000000        10.0000000000000        10.0000000000000     
   17.5000000000000       0.000000000000000E+000  0.000000000000000E+000
   17.5000000000000       0.500000000000000      -5.039176592308531E-002
   17.5000000000000        1.00000000000000       4.550006864947116E-003
   17.5000000000000        1.50000000000000       4.550006864947116E-003
   17.5000000000000        2.00000000000000       4.550006864947116E-003
   17.5000000000000        2.50000000000000       1.413108120029743E-002
   17.5000000000000        3.00000000000000       3.679759434998100E-002
   17.5000000000000        3.50000000000000       8.378344674084749E-002
   17.5000000000000        4.00000000000000       0.167466949806470     
   17.5000000000000        4.50000000000000       0.300434371003651     
   17.5000000000000        5.00000000000000       0.497763186769211     
   17.5000000000000        5.50000000000000       0.774901814443550     
   17.5000000000000        6.00000000000000        1.14785389171924     
   17.5000000000000        6.50000000000000        1.63595025021749     
   17.5000000000000        7.00000000000000        2.25673233317172     
   17.5000000000000        7.50000000000000        3.03326951925699     
   17.5000000000000        8.00000000000000        3.98758902748549     
   17.5000000000000        8.50000000000000        5.14481493865383     
   17.5000000000000        9.00000000000000        6.53862044470774     
   17.5000000000000        9.50000000000000        8.19124415565584     
   17.5000000000000        10.0000000000000        10.0000000000000     
   18.0000000000000       0.000000000000000E+000  0.000000000000000E+000
   18.0000000000000       0.500000000000000      -5.039176592308531E-002
   18.0000000000000        1.00000000000000       6.700220797804401E-003
   18.0000000000000        1.50000000000000       6.700220797804401E-003
   18.0000000000000        2.00000000000000       6.700220797804401E-003
   18.0000000000000        2.50000000000000       1.214974326685967E-002
   18.0000000000000        3.00000000000000       2.675659476435067E-002
   18.0000000000000        3.50000000000000       6.998971504270719E-002
   18.0000000000000        4.00000000000000       0.140935269554808     
   18.0000000000000        4.50000000000000       0.268412059857080     
   18.0000000000000        5.00000000000000       0.448359001803761     
   18.0000000000000        5.50000000000000       0.722649077103829     
   18.0000000000000        6.00000000000000        1.07722338702898     
   18.0000000000000        6.50000000000000        1.56581619148532     
   18.0000000000000        7.00000000000000        2.16559540343218     
   18.0000000000000        7.50000000000000        2.95272523174287     
   18.0000000000000        8.00000000000000        3.89147627768080     
   18.0000000000000        8.50000000000000        5.06909318137290     
   18.0000000000000        9.00000000000000        6.45245341987163     
   18.0000000000000        9.50000000000000        8.15133711922701     
   18.0000000000000        10.0000000000000        10.0000000000000     
   18.5000000000000       0.000000000000000E+000  0.000000000000000E+000
   18.5000000000000       0.500000000000000       1.622064971668764E-002
   18.5000000000000        1.00000000000000       6.700220797804401E-003
   18.5000000000000        1.50000000000000       6.700220797804401E-003
   18.5000000000000        2.00000000000000       6.700220797804401E-003
   18.5000000000000        2.50000000000000       1.095249631026318E-002
   18.5000000000000        3.00000000000000       2.433395971983102E-002
   18.5000000000000        3.50000000000000       5.896622209248782E-002
   18.5000000000000        4.00000000000000       0.125572924429920     
   18.5000000000000        4.50000000000000       0.240588710839209     
   18.5000000000000        5.00000000000000       0.416603271783352     
   18.5000000000000        5.50000000000000       0.675164210717171     
   18.5000000000000        6.00000000000000        1.02675019083042     
   18.5000000000000        6.50000000000000        1.50023225384908     
   18.5000000000000        7.00000000000000        2.10456459344830     
   18.5000000000000        7.50000000000000        2.87588303148170     
   18.5000000000000        8.00000000000000        3.82602146258723     
   18.5000000000000        8.50000000000000        4.99574981924688     
   18.5000000000000        9.00000000000000        6.41233770027955     
   18.5000000000000        9.50000000000000        8.11221658156487     
   18.5000000000000        10.0000000000000        10.0000000000000     
   19.0000000000000       0.000000000000000E+000  0.000000000000000E+000
   19.0000000000000       0.500000000000000      -3.204615665270739E-007
   19.0000000000000        1.00000000000000       6.700220797804401E-003
   19.0000000000000        1.50000000000000       6.700220797804401E-003
   19.0000000000000        2.00000000000000       6.700220797804401E-003
   19.0000000000000        2.50000000000000       1.621588294581519E-002
   19.0000000000000        3.00000000000000       2.227297800400285E-002
   19.0000000000000        3.50000000000000       5.353682838653193E-002
   19.0000000000000        4.00000000000000       0.109200215123255     
   19.0000000000000        4.50000000000000       0.222504121439891     
   19.0000000000000        5.00000000000000       0.383823970214234     
   19.0000000000000        5.50000000000000       0.644244361822743     
   19.0000000000000        6.00000000000000       0.979669168238514     
   19.0000000000000        6.50000000000000        1.45782659853729     
   19.0000000000000        7.00000000000000        2.04127701386837     
   19.0000000000000        7.50000000000000        2.82533188758702     
   19.0000000000000        8.00000000000000        3.75511871200206     
   19.0000000000000        8.50000000000000        4.94200409072096     
   19.0000000000000        9.00000000000000        6.32904115219214     
   19.0000000000000        9.50000000000000        8.05635894173548     
   19.0000000000000        10.0000000000000        10.0000000000000     
   19.5000000000000       0.000000000000000E+000  0.000000000000000E+000
   19.5000000000000       0.500000000000000       2.449975022903916E-003
   19.5000000000000        1.00000000000000       1.780052536960213E-002
   19.5000000000000        1.50000000000000       1.780052536960213E-002
   19.5000000000000        2.00000000000000       1.780052536960213E-002
   19.5000000000000        2.50000000000000       1.838422199432504E-002
   19.5000000000000        3.00000000000000       2.539118480971713E-002
   19.5000000000000        3.50000000000000       4.936643165563132E-002
   19.5000000000000        4.00000000000000       0.103304647591169     
   19.5000000000000        4.50000000000000       0.207000320856397     
   19.5000000000000        5.00000000000000       0.367636718997498     
   19.5000000000000        5.50000000000000       0.616293971172658     
   19.5000000000000        6.00000000000000       0.951857626559191     
   19.5000000000000        6.50000000000000        1.41824302582932     
   19.5000000000000        7.00000000000000        2.00804293894618     
   19.5000000000000        7.50000000000000        2.77709405855488     
   19.5000000000000        8.00000000000000        3.71585971809719     
   19.5000000000000        8.50000000000000        4.88985256072278     
   19.5000000000000        9.00000000000000        6.29482673538626     
   19.5000000000000        9.50000000000000        8.00131800309574     
   19.5000000000000        10.0000000000000        10.0000000000000     
   20.0000000000000       0.000000000000000E+000  1.837691078054177E-004
   20.0000000000000       0.500000000000000       1.139231730870893E-002
   20.0000000000000        1.00000000000000       1.058796420059286E-002
   20.0000000000000        1.50000000000000      -8.141077864075077E-002
   20.0000000000000        2.00000000000000      -6.737955891987384E-003
   20.0000000000000        2.50000000000000      -7.046295136631830E-004
   20.0000000000000        3.00000000000000      -3.173873168616236E-002
   20.0000000000000        3.50000000000000      -2.943030087232529E-002
   20.0000000000000        4.00000000000000      -3.905272675502737E-002
   20.0000000000000        4.50000000000000       5.098598240394166E-002
   20.0000000000000        5.00000000000000       0.104275123438657     
   20.0000000000000        5.50000000000000       0.362073880270397     
   20.0000000000000        6.00000000000000       0.558591532457075     
   20.0000000000000        6.50000000000000        1.03980536014129     
   20.0000000000000        7.00000000000000        1.43807322510413     
   20.0000000000000        7.50000000000000        2.23442524374914     
   20.0000000000000        8.00000000000000        2.90565200819286     
   20.0000000000000        8.50000000000000        4.10089380470790     
   20.0000000000000        9.00000000000000        5.06580777907418     
   20.0000000000000        9.50000000000000        6.65169272053874     
   20.0000000000000        10.0000000000000        8.73316294609221     
