 TITLE = "psi"
 VARIABLES = "X", "Y", "psi"
ZONE T="area_e", I=21, J=41, F=POINT
  0.000000000000000E+000  0.000000000000000E+000  9.088860408832769E-002
  0.000000000000000E+000  0.500000000000000       0.402319817660653     
  0.000000000000000E+000   1.00000000000000       0.808493238147267     
  0.000000000000000E+000   1.50000000000000        1.22412508627130     
  0.000000000000000E+000   2.00000000000000        1.65117269554768     
  0.000000000000000E+000   2.50000000000000        2.08865210776361     
  0.000000000000000E+000   3.00000000000000        2.53814685869515     
  0.000000000000000E+000   3.50000000000000        2.99920720739353     
  0.000000000000000E+000   4.00000000000000        3.47170038410488     
  0.000000000000000E+000   4.50000000000000        3.95684627697619     
  0.000000000000000E+000   5.00000000000000        4.45200162906832     
  0.000000000000000E+000   5.50000000000000        4.96093714072982     
  0.000000000000000E+000   6.00000000000000        5.47773941542765     
  0.000000000000000E+000   6.50000000000000        6.00958862209375     
  0.000000000000000E+000   7.00000000000000        6.54630571965014     
  0.000000000000000E+000   7.50000000000000        7.09961466850363     
  0.000000000000000E+000   8.00000000000000        7.65337967241971     
  0.000000000000000E+000   8.50000000000000        8.22576714994150     
  0.000000000000000E+000   9.00000000000000        8.79072004599734     
  0.000000000000000E+000   9.50000000000000        9.37580941689705     
  0.000000000000000E+000   10.0000000000000        9.78176769289024     
  0.500000000000000       0.000000000000000E+000  0.000000000000000E+000
  0.500000000000000       0.500000000000000       0.404799921563101     
  0.500000000000000        1.00000000000000       0.815795368474436     
  0.500000000000000        1.50000000000000        1.23086221699836     
  0.500000000000000        2.00000000000000        1.66239546818154     
  0.500000000000000        2.50000000000000        2.09763238320035     
  0.500000000000000        3.00000000000000        2.55203907297018     
  0.500000000000000        3.50000000000000        3.00993990261425     
  0.500000000000000        4.00000000000000        3.48788470666081     
  0.500000000000000        4.50000000000000        3.96919976686960     
  0.500000000000000        5.00000000000000        4.47044196328634     
  0.500000000000000        5.50000000000000        4.97497947315902     
  0.500000000000000        6.00000000000000        5.49866343448629     
  0.500000000000000        6.50000000000000        6.02559726021623     
  0.500000000000000        7.00000000000000        6.57030359992909     
  0.500000000000000        7.50000000000000        7.11823207784049     
  0.500000000000000        8.00000000000000        7.68182503849838     
  0.500000000000000        8.50000000000000        8.24862067128025     
  0.500000000000000        9.00000000000000        8.82776918381253     
  0.500000000000000        9.50000000000000        9.41011469202099     
  0.500000000000000        10.0000000000000        10.0000000000000     
   1.00000000000000       0.000000000000000E+000  0.000000000000000E+000
   1.00000000000000       0.500000000000000       0.399372881481983     
   1.00000000000000        1.00000000000000       0.803974370601841     
   1.00000000000000        1.50000000000000        1.21759097660374     
   1.00000000000000        2.00000000000000        1.64537824203660     
   1.00000000000000        2.50000000000000        2.08102372607983     
   1.00000000000000        3.00000000000000        2.53296466595850     
   1.00000000000000        3.50000000000000        2.99208343977796     
   1.00000000000000        4.00000000000000        3.46829034249392     
   1.00000000000000        4.50000000000000        3.95124630124115     
   1.00000000000000        5.00000000000000        4.45123892013741     
   1.00000000000000        5.50000000000000        4.95770873889881     
   1.00000000000000        6.00000000000000        5.48054895342187     
   1.00000000000000        6.50000000000000        6.00970460082714     
   1.00000000000000        7.00000000000000        6.55401328837632     
   1.00000000000000        7.50000000000000        7.10456531310759     
   1.00000000000000        8.00000000000000        7.66842529086858     
   1.00000000000000        8.50000000000000        8.23854882601752     
   1.00000000000000        9.00000000000000        8.81927069633246     
   1.00000000000000        9.50000000000000        9.40638425233661     
   1.00000000000000        10.0000000000000        10.0000000000000     
   1.50000000000000       0.000000000000000E+000  0.000000000000000E+000
   1.50000000000000       0.500000000000000       0.393312109146896     
   1.50000000000000        1.00000000000000       0.792384067408099     
   1.50000000000000        1.50000000000000        1.20260871141618     
   1.50000000000000        2.00000000000000        1.62722404552695     
   1.50000000000000        2.50000000000000        2.06198619509992     
   1.50000000000000        3.00000000000000        2.51189633351733     
   1.50000000000000        3.50000000000000        2.97134016691062     
   1.50000000000000        4.00000000000000        3.44616873181318     
   1.50000000000000        4.50000000000000        3.93013707657583     
   1.50000000000000        5.00000000000000        4.42921820497255     
   1.50000000000000        5.50000000000000        4.93717561313295     
   1.50000000000000        6.00000000000000        5.45954688433960     
   1.50000000000000        6.50000000000000        5.99061340598075     
   1.50000000000000        7.00000000000000        6.53501623140418     
   1.50000000000000        7.50000000000000        7.08798716322688     
   1.50000000000000        8.00000000000000        7.65286387937637     
   1.50000000000000        8.50000000000000        8.22621705555896     
   1.50000000000000        9.00000000000000        8.80981504855366     
   1.50000000000000        9.50000000000000        9.40183182623732     
   1.50000000000000        10.0000000000000        10.0000000000000     
   2.00000000000000       0.000000000000000E+000  0.000000000000000E+000
   2.00000000000000       0.500000000000000       0.385174172770468     
   2.00000000000000        1.00000000000000       0.775307231854399     
   2.00000000000000        1.50000000000000        1.18199669423995     
   2.00000000000000        2.00000000000000        1.60106221735080     
   2.00000000000000        2.50000000000000        2.03477669811882     
   2.00000000000000        3.00000000000000        2.48118590121334     
   2.00000000000000        3.50000000000000        2.94104643609649     
   2.00000000000000        4.00000000000000        3.41371516163948     
   2.00000000000000        4.50000000000000        3.89904471758561     
   2.00000000000000        5.00000000000000        4.39695135421521     
   2.00000000000000        5.50000000000000        4.90699361084646     
   2.00000000000000        6.00000000000000        5.42904592725252     
   2.00000000000000        6.50000000000000        5.96289938373445     
   2.00000000000000        7.00000000000000        6.50789824514988     
   2.00000000000000        7.50000000000000        7.06451910840315     
   2.00000000000000        8.00000000000000        7.63119112825807     
   2.00000000000000        8.50000000000000        8.20945671891784     
   2.00000000000000        9.00000000000000        8.79666597257201     
   2.00000000000000        9.50000000000000        9.39560857207958     
   2.00000000000000        10.0000000000000        10.0000000000000     
   2.50000000000000       0.000000000000000E+000  0.000000000000000E+000
   2.50000000000000       0.500000000000000       0.376171986558502     
   2.50000000000000        1.00000000000000       0.759142271318722     
   2.50000000000000        1.50000000000000        1.15892996340238     
   2.50000000000000        2.00000000000000        1.57372968556099     
   2.50000000000000        2.50000000000000        2.00392894877641     
   2.50000000000000        3.00000000000000        2.44788287688032     
   2.50000000000000        3.50000000000000        2.90631582617615     
   2.50000000000000        4.00000000000000        3.37775537870362     
   2.50000000000000        4.50000000000000        3.86304333472896     
   2.50000000000000        5.00000000000000        4.36068763567550     
   2.50000000000000        5.50000000000000        4.87173192618283     
   2.50000000000000        6.00000000000000        5.39445606719132     
   2.50000000000000        6.50000000000000        5.93025452760448     
   2.50000000000000        7.00000000000000        6.47704129587592     
   2.50000000000000        7.50000000000000        7.03666546072626     
   2.50000000000000        8.00000000000000        7.60670880313351     
   2.50000000000000        8.50000000000000        8.18942391806514     
   2.50000000000000        9.00000000000000        8.78249890225130     
   2.50000000000000        9.50000000000000        9.38815410791966     
   2.50000000000000        10.0000000000000        10.0000000000000     
   3.00000000000000       0.000000000000000E+000  0.000000000000000E+000
   3.00000000000000       0.500000000000000       0.366912038965163     
   3.00000000000000        1.00000000000000       0.739649005105447     
   3.00000000000000        1.50000000000000        1.13469860807317     
   3.00000000000000        2.00000000000000        1.54265782515557     
   3.00000000000000        2.50000000000000        1.97063991417505     
   3.00000000000000        3.00000000000000        2.41015530758513     
   3.00000000000000        3.50000000000000        2.86817648853305     
   3.00000000000000        4.00000000000000        3.33695014202845     
   3.00000000000000        4.50000000000000        3.82317991097820     
   3.00000000000000        5.00000000000000        4.31957223022817     
   3.00000000000000        5.50000000000000        4.83269085764479     
   3.00000000000000        6.00000000000000        5.35543353060391     
   3.00000000000000        6.50000000000000        5.89441308463441     
   3.00000000000000        7.00000000000000        6.44253886179142     
   3.00000000000000        7.50000000000000        7.00661436618649     
   3.00000000000000        8.00000000000000        7.57956728659589     
   3.00000000000000        8.50000000000000        8.16837923909917     
   3.00000000000000        9.00000000000000        8.76639775862763     
   3.00000000000000        9.50000000000000        9.38040197261004     
   3.00000000000000        10.0000000000000        10.0000000000000     
   3.50000000000000       0.000000000000000E+000  0.000000000000000E+000
   3.50000000000000       0.500000000000000       0.356739878091525     
   3.50000000000000        1.00000000000000       0.721651892126313     
   3.50000000000000        1.50000000000000        1.10778384072264     
   3.50000000000000        2.00000000000000        1.51070793503886     
   3.50000000000000        2.50000000000000        1.93324704739500     
   3.50000000000000        3.00000000000000        2.36982739493002     
   3.50000000000000        3.50000000000000        2.82492620879293     
   3.50000000000000        4.00000000000000        3.29239788651237     
   3.50000000000000        4.50000000000000        3.77759781449799     
   3.50000000000000        5.00000000000000        4.27408723052853     
   3.50000000000000        5.50000000000000        4.78771816938615     
   3.50000000000000        6.00000000000000        5.31193297543957     
   3.50000000000000        6.50000000000000        5.85285014307019     
   3.50000000000000        7.00000000000000        6.40401143724967     
   3.50000000000000        7.50000000000000        6.97155396566133     
   3.50000000000000        8.00000000000000        7.54953800254044     
   3.50000000000000        8.50000000000000        8.14368983597058     
   3.50000000000000        9.00000000000000        8.74944704574825     
   3.50000000000000        9.50000000000000        9.37127659149933     
   3.50000000000000        10.0000000000000        10.0000000000000     
   4.00000000000000       0.000000000000000E+000  0.000000000000000E+000
   4.00000000000000       0.500000000000000       0.347234847674797     
   4.00000000000000        1.00000000000000       0.701447860983005     
   4.00000000000000        1.50000000000000        1.08227210297544     
   4.00000000000000        2.00000000000000        1.47757811788508     
   4.00000000000000        2.50000000000000        1.89711040008591     
   4.00000000000000        3.00000000000000        2.32853887190060     
   4.00000000000000        3.50000000000000        2.78254574553047     
   4.00000000000000        4.00000000000000        3.24687642785713     
   4.00000000000000        4.50000000000000        3.73259870361669     
   4.00000000000000        5.00000000000000        4.22766787801709     
   4.00000000000000        5.50000000000000        4.74327279079275     
   4.00000000000000        6.00000000000000        5.26766091283355     
   4.00000000000000        6.50000000000000        5.81199134111350     
   4.00000000000000        7.00000000000000        6.36495211543191     
   4.00000000000000        7.50000000000000        6.93749364864137     
   4.00000000000000        8.00000000000000        7.51908423897745     
   4.00000000000000        8.50000000000000        8.12012520110877     
   4.00000000000000        9.00000000000000        8.73159912363660     
   4.00000000000000        9.50000000000000        9.36265070049140     
   4.00000000000000        10.0000000000000        10.0000000000000     
   4.50000000000000       0.000000000000000E+000  0.000000000000000E+000
   4.50000000000000       0.500000000000000       0.336853422571813     
   4.50000000000000        1.00000000000000       0.683202385398400     
   4.50000000000000        1.50000000000000        1.05411959075079     
   4.50000000000000        2.00000000000000        1.44400338564756     
   4.50000000000000        2.50000000000000        1.85683999642737     
   4.50000000000000        3.00000000000000        2.28498286917758     
   4.50000000000000        3.50000000000000        2.73492918085572     
   4.50000000000000        4.00000000000000        3.19783565579449     
   4.50000000000000        4.50000000000000        3.68168240187277     
   4.50000000000000        5.00000000000000        4.17703786916150     
   4.50000000000000        5.50000000000000        4.69267081612564     
   4.50000000000000        6.00000000000000        5.21905751767071     
   4.50000000000000        6.50000000000000        5.76521573616461     
   4.50000000000000        7.00000000000000        6.32205989933694     
   4.50000000000000        7.50000000000000        6.89830744163275     
   4.50000000000000        8.00000000000000        7.48601394941245     
   4.50000000000000        8.50000000000000        8.09289281448886     
   4.50000000000000        9.00000000000000        8.71322203691750     
   4.50000000000000        9.50000000000000        9.35264751468019     
   4.50000000000000        10.0000000000000        10.0000000000000     
   5.00000000000000       0.000000000000000E+000  0.000000000000000E+000
   5.00000000000000       0.500000000000000       0.327598222194146     
   5.00000000000000        1.00000000000000       0.663304777174122     
   5.00000000000000        1.50000000000000        1.02878162767957     
   5.00000000000000        2.00000000000000        1.41068404097180     
   5.00000000000000        2.50000000000000        1.82007728858340     
   5.00000000000000        3.00000000000000        2.24259827724775     
   5.00000000000000        3.50000000000000        2.69098275511609     
   5.00000000000000        4.00000000000000        3.15035883582049     
   5.00000000000000        4.50000000000000        3.63438641697156     
   5.00000000000000        5.00000000000000        4.12811121950188     
   5.00000000000000        5.50000000000000        4.64558743097135     
   5.00000000000000        6.00000000000000        5.17214889106190     
   5.00000000000000        6.50000000000000        5.72182361708852     
   5.00000000000000        7.00000000000000        6.28067314060782     
   5.00000000000000        7.50000000000000        6.86224316982149     
   5.00000000000000        8.00000000000000        7.45389704160490     
   5.00000000000000        8.50000000000000        8.06813142169726     
   5.00000000000000        9.00000000000000        8.69451512780426     
   5.00000000000000        9.50000000000000        9.34362415023475     
   5.00000000000000        10.0000000000000        10.0000000000000     
   5.50000000000000       0.000000000000000E+000  0.000000000000000E+000
   5.50000000000000       0.500000000000000       0.317539884706996     
   5.50000000000000        1.00000000000000       0.645725199825093     
   5.50000000000000        1.50000000000000        1.00098100308916     
   5.50000000000000        2.00000000000000        1.37740105845634     
   5.50000000000000        2.50000000000000        1.77939077921366     
   5.50000000000000        3.00000000000000        2.19846103639498     
   5.50000000000000        3.50000000000000        2.64199802110932     
   5.50000000000000        4.00000000000000        3.09986835325320     
   5.50000000000000        4.50000000000000        3.58134769591275     
   5.50000000000000        5.00000000000000        4.07546242757098     
   5.50000000000000        5.50000000000000        4.59250882601124     
   5.50000000000000        6.00000000000000        5.12139089034347     
   5.50000000000000        6.50000000000000        5.67267955965608     
   5.50000000000000        7.00000000000000        6.23594085724677     
   5.50000000000000        7.50000000000000        6.82123047718549     
   5.50000000000000        8.00000000000000        7.41964668848796     
   5.50000000000000        8.50000000000000        8.03986971694810     
   5.50000000000000        9.00000000000000        8.67569857488565     
   5.50000000000000        9.50000000000000        9.33329223647041     
   5.50000000000000        10.0000000000000        10.0000000000000     
   6.00000000000000       0.000000000000000E+000  0.000000000000000E+000
   6.00000000000000       0.500000000000000       0.308805762441735     
   6.00000000000000        1.00000000000000       0.626716842061886     
   6.00000000000000        1.50000000000000       0.976689791771900     
   6.00000000000000        2.00000000000000        1.34506770465168     
   6.00000000000000        2.50000000000000        1.74346338735243     
   6.00000000000000        3.00000000000000        2.15665681674094     
   6.00000000000000        3.50000000000000        2.59837127923019     
   6.00000000000000        4.00000000000000        3.05242380444078     
   6.00000000000000        4.50000000000000        3.53385025000856     
   6.00000000000000        5.00000000000000        4.02611902027073     
   6.00000000000000        5.50000000000000        4.54488911006659     
   6.00000000000000        6.00000000000000        5.07383427640286     
   6.00000000000000        6.50000000000000        5.62865221384115     
   6.00000000000000        7.00000000000000        6.19264882710561     
   6.00000000000000        7.50000000000000        6.78467430646248     
   6.00000000000000        8.00000000000000        7.38727116019209     
   6.00000000000000        8.50000000000000        8.01489587950655     
   6.00000000000000        9.00000000000000        8.65687890169116     
   6.00000000000000        9.50000000000000        9.32421927419915     
   6.00000000000000        10.0000000000000        10.0000000000000     
   6.50000000000000       0.000000000000000E+000  0.000000000000000E+000
   6.50000000000000       0.500000000000000       0.299355341763396     
   6.50000000000000        1.00000000000000       0.610307951132470     
   6.50000000000000        1.50000000000000       0.950173045482662     
   6.50000000000000        2.00000000000000        1.31325288938172     
   6.50000000000000        2.50000000000000        1.70394097358017     
   6.50000000000000        3.00000000000000        2.11369693426721     
   6.50000000000000        3.50000000000000        2.55007755527965     
   6.50000000000000        4.00000000000000        3.00261830080132     
   6.50000000000000        4.50000000000000        3.48099404534930     
   6.50000000000000        5.00000000000000        3.97372777821785     
   6.50000000000000        5.50000000000000        4.49165697368198     
   6.50000000000000        6.00000000000000        5.02310299246295     
   6.50000000000000        6.50000000000000        5.57924155303268     
   6.50000000000000        7.00000000000000        6.14920301491436     
   6.50000000000000        7.50000000000000        6.74350700870992     
   6.50000000000000        8.00000000000000        7.35302489051442     
   6.50000000000000        8.50000000000000        7.98668775779132     
   6.50000000000000        9.00000000000000        8.63824315742760     
   6.50000000000000        9.50000000000000        9.31394209641852     
   6.50000000000000        10.0000000000000        10.0000000000000     
   7.00000000000000       0.000000000000000E+000  0.000000000000000E+000
   7.00000000000000       0.500000000000000       0.291276691436417     
   7.00000000000000        1.00000000000000       0.592493682673156     
   7.00000000000000        1.50000000000000       0.927415844825380     
   7.00000000000000        2.00000000000000        1.28259742816846     
   7.00000000000000        2.50000000000000        1.66975289237125     
   7.00000000000000        3.00000000000000        2.07355027449626     
   7.00000000000000        3.50000000000000        2.50802977743541     
   7.00000000000000        4.00000000000000        2.95656365146229     
   7.00000000000000        4.50000000000000        3.43476337614976     
   7.00000000000000        5.00000000000000        3.92438127204976     
   7.00000000000000        5.50000000000000        4.44502973736592     
   7.00000000000000        6.00000000000000        4.97665452268732     
   7.00000000000000        6.50000000000000        5.53610041058180     
   7.00000000000000        7.00000000000000        6.10637989074816     
   7.00000000000000        7.50000000000000        6.70771267167419     
   7.00000000000000        8.00000000000000        7.32104206696866     
   7.00000000000000        8.50000000000000        7.96226050328122     
   7.00000000000000        9.00000000000000        8.61962966612195     
   7.00000000000000        9.50000000000000        9.30508910991349     
   7.00000000000000        10.0000000000000        10.0000000000000     
   7.50000000000000       0.000000000000000E+000  0.000000000000000E+000
   7.50000000000000       0.500000000000000       0.282569684767497     
   7.50000000000000        1.00000000000000       0.577503042282949     
   7.50000000000000        1.50000000000000       0.902686382140424     
   7.50000000000000        2.00000000000000        1.25291946114805     
   7.50000000000000        2.50000000000000        1.63234413885193     
   7.50000000000000        3.00000000000000        2.03286587962378     
   7.50000000000000        3.50000000000000        2.46176468619050     
   7.50000000000000        4.00000000000000        2.90886165506275     
   7.50000000000000        4.50000000000000        3.38365961538977     
   7.50000000000000        5.00000000000000        3.87489912701720     
   7.50000000000000        5.50000000000000        4.39328518247948     
   7.50000000000000        6.00000000000000        4.92732548169776     
   7.50000000000000        6.50000000000000        5.48806276132639     
   7.50000000000000        7.00000000000000        6.06471088297450     
   7.50000000000000        7.50000000000000        6.66774038022828     
   7.50000000000000        8.00000000000000        7.28821297972380     
   7.50000000000000        8.50000000000000        7.93491441827706     
   7.50000000000000        9.00000000000000        8.60189807526455     
   7.50000000000000        9.50000000000000        9.29515394316976     
   7.50000000000000        10.0000000000000        10.0000000000000     
   8.00000000000000       0.000000000000000E+000  0.000000000000000E+000
   8.00000000000000       0.500000000000000       0.275196746745587     
   8.00000000000000        1.00000000000000       0.561010953186850     
   8.00000000000000        1.50000000000000       0.881696152973244     
   8.00000000000000        2.00000000000000        1.22430279672780     
   8.00000000000000        2.50000000000000        1.60040275843615     
   8.00000000000000        3.00000000000000        1.99411631533369     
   8.00000000000000        3.50000000000000        2.42208618827525     
   8.00000000000000        4.00000000000000        2.86534040893126     
   8.00000000000000        4.50000000000000        3.33976494643586     
   8.00000000000000        5.00000000000000        3.82750146312064     
   8.00000000000000        5.50000000000000        4.34877576104192     
   8.00000000000000        6.00000000000000        4.88249637921943     
   8.00000000000000        6.50000000000000        5.44669452649420     
   8.00000000000000        7.00000000000000        6.02495359875523     
   8.00000000000000        7.50000000000000        6.63339490721231     
   8.00000000000000        8.00000000000000        7.25739407896132     
   8.00000000000000        8.50000000000000        7.91152329250692     
   8.00000000000000        9.00000000000000        8.58392465835794     
   8.00000000000000        9.50000000000000        9.28669299767875     
   8.00000000000000        10.0000000000000        10.0000000000000     
   8.50000000000000       0.000000000000000E+000  0.000000000000000E+000
   8.50000000000000       0.500000000000000       0.267278286091084     
   8.50000000000000        1.00000000000000       0.547524788248689     
   8.50000000000000        1.50000000000000       0.858979760920847     
   8.50000000000000        2.00000000000000        1.19708792472927     
   8.50000000000000        2.50000000000000        1.56561756267655     
   8.50000000000000        3.00000000000000        1.95723183913948     
   8.50000000000000        3.50000000000000        2.37866035758223     
   8.50000000000000        4.00000000000000        2.82045266887870     
   8.50000000000000        4.50000000000000        3.29152756636175     
   8.50000000000000        5.00000000000000        3.78119916852758     
   8.50000000000000        5.50000000000000        4.29969572129312     
   8.50000000000000        6.00000000000000        4.83609245037766     
   8.50000000000000        6.50000000000000        5.40094582547486     
   8.50000000000000        7.00000000000000        5.98403186303556     
   8.50000000000000        7.50000000000000        6.59531829894861     
   8.50000000000000        8.00000000000000        7.22638075289171     
   8.50000000000000        8.50000000000000        7.88553687798258     
   8.50000000000000        9.00000000000000        8.56731651444644     
   8.50000000000000        9.50000000000000        9.27727457690981     
   8.50000000000000        10.0000000000000        10.0000000000000     
   9.00000000000000       0.000000000000000E+000  0.000000000000000E+000
   9.00000000000000       0.500000000000000       0.260612708939626     
   9.00000000000000        1.00000000000000       0.532378929734449     
   9.00000000000000        1.50000000000000       0.839835363996815     
   9.00000000000000        2.00000000000000        1.16991332653800     
   9.00000000000000        2.50000000000000        1.53624136179899     
   9.00000000000000        3.00000000000000        1.92101946408355     
   9.00000000000000        3.50000000000000        2.34186095688520     
   9.00000000000000        4.00000000000000        2.77951494595105     
   9.00000000000000        4.50000000000000        3.25047733730865     
   9.00000000000000        5.00000000000000        3.73778451508163     
   9.00000000000000        5.50000000000000        4.25786481607073     
   9.00000000000000        6.00000000000000        4.79372232994819     
   9.00000000000000        6.50000000000000        5.36195989563960     
   9.00000000000000        7.00000000000000        5.94636059759252     
   9.00000000000000        7.50000000000000        6.56292139836846     
   9.00000000000000        8.00000000000000        7.19713167016901     
   9.00000000000000        8.50000000000000        7.86349978644476     
   9.00000000000000        9.00000000000000        8.55019457607651     
   9.00000000000000        9.50000000000000        9.26931519342631     
   9.00000000000000        10.0000000000000        10.0000000000000     
   9.50000000000000       0.000000000000000E+000  0.000000000000000E+000
   9.50000000000000       0.500000000000000       0.253476703107573     
   9.50000000000000        1.00000000000000       0.520390980723843     
   9.50000000000000        1.50000000000000       0.819192473118625     
   9.50000000000000        2.00000000000000        1.14609289936375     
   9.50000000000000        2.50000000000000        1.50438525886417     
   9.50000000000000        3.00000000000000        1.88758549080940     
   9.50000000000000        3.50000000000000        2.30177802102605     
   9.50000000000000        4.00000000000000        2.73837708551107     
   9.50000000000000        4.50000000000000        3.20560136578919     
   9.50000000000000        5.00000000000000        3.69365380566210     
   9.50000000000000        5.50000000000000        4.21199676640308     
   9.50000000000000        6.00000000000000        4.75054406985152     
   9.50000000000000        6.50000000000000        5.31910296504298     
   9.50000000000000        7.00000000000000        5.90825660438811     
   9.50000000000000        7.50000000000000        6.52723192831228     
   9.50000000000000        8.00000000000000        7.16832469767610     
   9.50000000000000        8.50000000000000        7.83918033665094     
   9.50000000000000        9.00000000000000        8.53490774826820     
   9.50000000000000        9.50000000000000        9.26051753155537     
   9.50000000000000        10.0000000000000        10.0000000000000     
   10.0000000000000       0.000000000000000E+000  0.000000000000000E+000
   10.0000000000000       0.500000000000000       0.247495442992857     
   10.0000000000000        1.00000000000000       0.506575097000526     
   10.0000000000000        1.50000000000000       0.801919531016630     
   10.0000000000000        2.00000000000000        1.12020470993974     
   10.0000000000000        2.50000000000000        1.47763498484245     
   10.0000000000000        3.00000000000000        1.85522820629269     
   10.0000000000000        3.50000000000000        2.26799554504647     
   10.0000000000000        4.00000000000000        2.70047779269070     
   10.0000000000000        4.50000000000000        3.16769190414962     
   10.0000000000000        5.00000000000000        3.65326657495220     
   10.0000000000000        5.50000000000000        4.17320070979115     
   10.0000000000000        6.00000000000000        4.71098785866409     
   10.0000000000000        6.50000000000000        5.28285819005092     
   10.0000000000000        7.00000000000000        5.87299919316480     
   10.0000000000000        7.50000000000000        6.49708366623922     
   10.0000000000000        8.00000000000000        7.14088920019165     
   10.0000000000000        8.50000000000000        7.81868538473318     
   10.0000000000000        9.00000000000000        8.51876353013362     
   10.0000000000000        9.50000000000000        9.25312364451166     
   10.0000000000000        10.0000000000000        10.0000000000000     
   10.5000000000000       0.000000000000000E+000  0.000000000000000E+000
   10.5000000000000       0.500000000000000       0.241110500489881     
   10.5000000000000        1.00000000000000       0.496049144942125     
   10.5000000000000        1.50000000000000       0.783356312528867     
   10.5000000000000        2.00000000000000        1.09996930365250     
   10.5000000000000        2.50000000000000        1.44873852812273     
   10.5000000000000        3.00000000000000        1.82405900131381     
   10.5000000000000        3.50000000000000        2.23135558482433     
   10.5000000000000        4.00000000000000        2.66300924883341     
   10.5000000000000        4.50000000000000        3.12644117669515     
   10.5000000000000        5.00000000000000        3.61286943077781     
   10.5000000000000        5.50000000000000        4.13087160194996     
   10.5000000000000        6.00000000000000        4.67135262379620     
   10.5000000000000        6.50000000000000        5.24322468218939     
   10.5000000000000        7.00000000000000        5.83800586769282     
   10.5000000000000        7.50000000000000        6.46405613696809     
   10.5000000000000        8.00000000000000        7.11450043483004     
   10.5000000000000        8.50000000000000        7.79619991256340     
   10.5000000000000        9.00000000000000        8.50490042205549     
   10.5000000000000        9.50000000000000        9.24500153285213     
   10.5000000000000        10.0000000000000        10.0000000000000     
   11.0000000000000       0.000000000000000E+000  0.000000000000000E+000
   11.0000000000000       0.500000000000000       0.235759936469598     
   11.0000000000000        1.00000000000000       0.482867629563983     
   11.0000000000000        1.50000000000000       0.767862488706136     
   11.0000000000000        2.00000000000000        1.07717926372717     
   11.0000000000000        2.50000000000000        1.42458040560859     
   11.0000000000000        3.00000000000000        1.79450332328688     
   11.0000000000000        3.50000000000000        2.20062396357558     
   11.0000000000000        4.00000000000000        2.62821609022223     
   11.0000000000000        4.50000000000000        3.09178359269825     
   11.0000000000000        5.00000000000000        3.57564550611393     
   11.0000000000000        5.50000000000000        4.09527684824864     
   11.0000000000000        6.00000000000000        4.63477920820909     
   11.0000000000000        6.50000000000000        5.20989385958958     
   11.0000000000000        7.00000000000000        5.80531751213800     
   11.0000000000000        7.50000000000000        6.43629234734110     
   11.0000000000000        8.00000000000000        7.08898942600179     
   11.0000000000000        8.50000000000000        7.77732962747379     
   11.0000000000000        9.00000000000000        8.48979227513824     
   11.0000000000000        9.50000000000000        9.23820293648366     
   11.0000000000000        10.0000000000000        10.0000000000000     
   11.5000000000000       0.000000000000000E+000  0.000000000000000E+000
   11.5000000000000       0.500000000000000       0.230062863122241     
   11.5000000000000        1.00000000000000       0.474305159160356     
   11.5000000000000        1.50000000000000       0.751262530833014     
   11.5000000000000        2.00000000000000        1.05853368980161     
   11.5000000000000        2.50000000000000        1.39857509615657     
   11.5000000000000        3.00000000000000        1.76659563102024     
   11.5000000000000        3.50000000000000        2.16742073704928     
   11.5000000000000        4.00000000000000        2.59443497206474     
   11.5000000000000        4.50000000000000        3.05422780619661     
   11.5000000000000        5.00000000000000        3.53906736586797     
   11.5000000000000        5.50000000000000        4.05661279724716     
   11.5000000000000        6.00000000000000        4.59880600701976     
   11.5000000000000        6.50000000000000        5.17361793335695     
   11.5000000000000        7.00000000000000        5.77354200929061     
   11.5000000000000        7.50000000000000        6.40602718823880     
   11.5000000000000        8.00000000000000        7.06508742535060     
   11.5000000000000        8.50000000000000        7.75673371669797     
   11.5000000000000        9.00000000000000        8.47738059945279     
   11.5000000000000        9.50000000000000        9.23077549409951     
   11.5000000000000        10.0000000000000        10.0000000000000     
   12.0000000000000       0.000000000000000E+000  0.000000000000000E+000
   12.0000000000000       0.500000000000000       0.225324797468036     
   12.0000000000000        1.00000000000000       0.461593617715354     
   12.0000000000000        1.50000000000000       0.737429814241557     
   12.0000000000000        2.00000000000000        1.03862526903807     
   12.0000000000000        2.50000000000000        1.37686046988321     
   12.0000000000000        3.00000000000000        1.73972636718661     
   12.0000000000000        3.50000000000000        2.13967260955065     
   12.0000000000000        4.00000000000000        2.56270616507737     
   12.0000000000000        4.50000000000000        3.02281331107011     
   12.0000000000000        5.00000000000000        3.50501976172128     
   12.0000000000000        5.50000000000000        4.02425682809196     
   12.0000000000000        6.00000000000000        4.56526071978260     
   12.0000000000000        6.50000000000000        5.14325283214336     
   12.0000000000000        7.00000000000000        5.74346664295083     
   12.0000000000000        7.50000000000000        6.38067974234938     
   12.0000000000000        8.00000000000000        7.04039564983675     
   12.0000000000000        8.50000000000000        7.73950311670750     
   12.0000000000000        9.00000000000000        8.46338294050186     
   12.0000000000000        9.50000000000000        9.22458128834001     
   12.0000000000000        10.0000000000000        10.0000000000000     
   12.5000000000000       0.000000000000000E+000  0.000000000000000E+000
   12.5000000000000       0.500000000000000       0.220291631345118     
   12.5000000000000        1.00000000000000       0.454991407749681     
   12.5000000000000        1.50000000000000       0.722652013503699     
   12.5000000000000        2.00000000000000        1.02146803750359     
   12.5000000000000        2.50000000000000        1.35355993490861     
   12.5000000000000        3.00000000000000        1.71492011367056     
   12.5000000000000        3.50000000000000        2.10979692515339     
   12.5000000000000        4.00000000000000        2.53251968906512     
   12.5000000000000        4.50000000000000        2.98889921480918     
   12.5000000000000        5.00000000000000        3.47221942947277     
   12.5000000000000        5.50000000000000        3.98925092535317     
   12.5000000000000        6.00000000000000        4.53294030617004     
   12.5000000000000        6.50000000000000        5.11034370081530     
   12.5000000000000        7.00000000000000        5.71490049021038     
   12.5000000000000        7.50000000000000        6.35316961027330     
   12.5000000000000        8.00000000000000        7.02009044503411     
   12.5000000000000        8.50000000000000        7.72078288186336     
   12.5000000000000        9.00000000000000        8.45234598179314     
   12.5000000000000        9.50000000000000        9.21784703493282     
   12.5000000000000        10.0000000000000        10.0000000000000     
   13.0000000000000       0.000000000000000E+000  0.000000000000000E+000
   13.0000000000000       0.500000000000000       0.216121523696824     
   13.0000000000000        1.00000000000000       0.444025120154531     
   13.0000000000000        1.50000000000000       0.710387404074889     
   13.0000000000000        2.00000000000000        1.00350596007466     
   13.0000000000000        2.50000000000000        1.33418371001563     
   13.0000000000000        3.00000000000000        1.69063199462897     
   13.0000000000000        3.50000000000000        2.08493770639742     
   13.0000000000000        4.00000000000000        2.50377275694397     
   13.0000000000000        4.50000000000000        2.96066242182158     
   13.0000000000000        5.00000000000000        3.44130448703099     
   13.0000000000000        5.50000000000000        3.96011290881091     
   13.0000000000000        6.00000000000000        4.50242525918681     
   13.0000000000000        6.50000000000000        5.08296748137113     
   13.0000000000000        7.00000000000000        5.68652811459094     
   13.0000000000000        7.50000000000000        6.33040597236112     
   13.0000000000000        8.00000000000000        6.99739737096841     
   13.0000000000000        8.50000000000000        7.70537881630288     
   13.0000000000000        9.00000000000000        8.43948895554012     
   13.0000000000000        9.50000000000000        9.21229081382777     
   13.0000000000000        10.0000000000000        10.0000000000000     
   13.5000000000000       0.000000000000000E+000  0.000000000000000E+000
   13.5000000000000       0.500000000000000       0.211702228151932     
   13.5000000000000        1.00000000000000       0.437938441839500     
   13.5000000000000        1.50000000000000       0.697319076678308     
   13.5000000000000        2.00000000000000       0.988534864875522     
   13.5000000000000        2.50000000000000        1.31345265147059     
   13.5000000000000        3.00000000000000        1.66878479917489     
   13.5000000000000        3.50000000000000        2.05825704718968     
   13.5000000000000        4.00000000000000        2.47705134773311     
   13.5000000000000        4.50000000000000        2.93028234394454     
   13.5000000000000        5.00000000000000        3.41218679742294     
   13.5000000000000        5.50000000000000        3.92870205218885     
   13.5000000000000        6.00000000000000        4.47370824153036     
   13.5000000000000        6.50000000000000        5.05340934813353     
   13.5000000000000        7.00000000000000        5.66222987388491     
   13.5000000000000        7.50000000000000        6.30579732691582     
   13.5000000000000        8.00000000000000        6.97984400239518     
   13.5000000000000        8.50000000000000        7.68871253785510     
   13.5000000000000        9.00000000000000        8.43000633058925     
   13.5000000000000        9.50000000000000        9.20627649294406     
   13.5000000000000        10.0000000000000        10.0000000000000     
   14.0000000000000       0.000000000000000E+000  0.000000000000000E+000
   14.0000000000000       0.500000000000000       0.208031033001507     
   14.0000000000000        1.00000000000000       0.428586982311768     
   14.0000000000000        1.50000000000000       0.686506895100101     
   14.0000000000000        2.00000000000000       0.972407138801869     
   14.0000000000000        2.50000000000000        1.29632480935987     
   14.0000000000000        3.00000000000000        1.64698737753859     
   14.0000000000000        3.50000000000000        2.03620522951568     
   14.0000000000000        4.00000000000000        2.45121002529442     
   14.0000000000000        4.50000000000000        2.90515616412032     
   14.0000000000000        5.00000000000000        3.38352916309569     
   14.0000000000000        5.50000000000000        3.90275652141802     
   14.0000000000000        6.00000000000000        4.44636975452114     
   14.0000000000000        6.50000000000000        5.02912085877135     
   14.0000000000000        7.00000000000000        5.63649630286823     
   14.0000000000000        7.50000000000000        6.28558791380065     
   14.0000000000000        8.00000000000000        6.96048560247664     
   14.0000000000000        8.50000000000000        7.67496341504283     
   14.0000000000000        9.00000000000000        8.41821666368965     
   14.0000000000000        9.50000000000000        9.20131277409767     
   14.0000000000000        10.0000000000000        10.0000000000000     
   14.5000000000000       0.000000000000000E+000  0.000000000000000E+000
   14.5000000000000       0.500000000000000       0.204149369100985     
   14.5000000000000        1.00000000000000       0.422932274034000     
   14.5000000000000        1.50000000000000       0.675014179069753     
   14.5000000000000        2.00000000000000       0.959491206910447     
   14.5000000000000        2.50000000000000        1.27804817443668     
   14.5000000000000        3.00000000000000        1.62797810656367     
   14.5000000000000        3.50000000000000        2.01260614665467     
   14.5000000000000        4.00000000000000        2.42783735044491     
   14.5000000000000        4.50000000000000        2.87820561411871     
   14.5000000000000        5.00000000000000        3.35882981656616     
   14.5000000000000        5.50000000000000        3.87487830008423     
   14.5000000000000        6.00000000000000        4.42114122374441     
   14.5000000000000        6.50000000000000        5.00298677488894     
   14.5000000000000        7.00000000000000        5.61557033970240     
   14.5000000000000        7.50000000000000        6.26382007630022     
   14.5000000000000        8.00000000000000        6.94411012611331     
   14.5000000000000        8.50000000000000        7.66014434209507     
   14.5000000000000        9.00000000000000        8.41011355641356     
   14.5000000000000        9.50000000000000        9.19596069321183     
   14.5000000000000        10.0000000000000        10.0000000000000     
   15.0000000000000       0.000000000000000E+000  0.000000000000000E+000
   15.0000000000000       0.500000000000000       0.200987878296014     
   15.0000000000000        1.00000000000000       0.414561911890704     
   15.0000000000000        1.50000000000000       0.665655796173303     
   15.0000000000000        2.00000000000000       0.945187792940491     
   15.0000000000000        2.50000000000000        1.26316320203329     
   15.0000000000000        3.00000000000000        1.60866442807950     
   15.0000000000000        3.50000000000000        1.99336258009462     
   15.0000000000000        4.00000000000000        2.40422644347374     
   15.0000000000000        4.50000000000000        2.85629659287795     
   15.0000000000000        5.00000000000000        3.33328152110083     
   15.0000000000000        5.50000000000000        3.85223591383763     
   15.0000000000000        6.00000000000000        4.39678370913598     
   15.0000000000000        6.50000000000000        4.98164398269434     
   15.0000000000000        7.00000000000000        5.59356477753751     
   15.0000000000000        7.50000000000000        6.24595146693733     
   15.0000000000000        8.00000000000000        6.92662285236761     
   15.0000000000000        8.50000000000000        7.64791281635684     
   15.0000000000000        9.00000000000000        8.39928887903561     
   15.0000000000000        9.50000000000000        9.19151296512243     
   15.0000000000000        10.0000000000000        10.0000000000000     
   15.5000000000000       0.000000000000000E+000  0.000000000000000E+000
   15.5000000000000       0.500000000000000       0.197651615196845     
   15.5000000000000        1.00000000000000       0.409965037461218     
   15.5000000000000        1.50000000000000       0.655730759480715     
   15.5000000000000        2.00000000000000       0.934308417130936     
   15.5000000000000        2.50000000000000        1.24731906331658     
   15.5000000000000        3.00000000000000        1.59246598375686     
   15.5000000000000        3.50000000000000        1.97282295683492     
   15.5000000000000        4.00000000000000        2.38495094097419     
   15.5000000000000        4.50000000000000        2.83286276457402     
   15.5000000000000        5.00000000000000        3.31234061622918     
   15.5000000000000        5.50000000000000        3.82797979721056     
   15.5000000000000        6.00000000000000        4.37518021755141     
   15.5000000000000        6.50000000000000        4.95875251704577     
   15.5000000000000        7.00000000000000        5.57452187084543     
   15.5000000000000        7.50000000000000        6.22676871572349     
   15.5000000000000        8.00000000000000        6.91249766008892     
   15.5000000000000        8.50000000000000        7.63477416601178     
   15.5000000000000        9.00000000000000        8.39242698492196     
   15.5000000000000        9.50000000000000        9.18673408181496     
   15.5000000000000        10.0000000000000        10.0000000000000     
   16.0000000000000       0.000000000000000E+000  0.000000000000000E+000
   16.0000000000000       0.500000000000000       0.195090209458008     
   16.0000000000000        1.00000000000000       0.402671398611679     
   16.0000000000000        1.50000000000000       0.647956112734342     
   16.0000000000000        2.00000000000000       0.921949885001131     
   16.0000000000000        2.50000000000000        1.23480456342431     
   16.0000000000000        3.00000000000000        1.57578631065963     
   16.0000000000000        3.50000000000000        1.95657303774912     
   16.0000000000000        4.00000000000000        2.36360098996179     
   16.0000000000000        4.50000000000000        2.81427139207310     
   16.0000000000000        5.00000000000000        3.29098538701319     
   16.0000000000000        5.50000000000000        3.80863614977493     
   16.0000000000000        6.00000000000000        4.35389421670493     
   16.0000000000000        6.50000000000000        4.94037410854188     
   16.0000000000000        7.00000000000000        5.55507831871542     
   16.0000000000000        7.50000000000000        6.21117335156582     
   16.0000000000000        8.00000000000000        6.89675335560744     
   16.0000000000000        8.50000000000000        7.62385787045750     
   16.0000000000000        9.00000000000000        8.38237563525779     
   16.0000000000000        9.50000000000000        9.18260957430483     
   16.0000000000000        10.0000000000000        10.0000000000000     
   16.5000000000000       0.000000000000000E+000  0.000000000000000E+000
   16.5000000000000       0.500000000000000       0.192392314907277     
   16.5000000000000        1.00000000000000       0.399241701236381     
   16.5000000000000        1.50000000000000       0.639728281272763     
   16.5000000000000        2.00000000000000       0.913230643376202     
   16.5000000000000        2.50000000000000        1.22151418064139     
   16.5000000000000        3.00000000000000        1.56254333084196     
   16.5000000000000        3.50000000000000        1.93927056210482     
   16.5000000000000        4.00000000000000        2.34866393483650     
   16.5000000000000        4.50000000000000        2.79443830303439     
   16.5000000000000        5.00000000000000        3.27279043444757     
   16.5000000000000        5.50000000000000        3.78797142154453     
   16.5000000000000        6.00000000000000        4.33580901340648     
   16.5000000000000        6.50000000000000        4.92071854779554     
   16.5000000000000        7.00000000000000        5.53900896141071     
   16.5000000000000        7.50000000000000        6.19448085136929     
   16.5000000000000        8.00000000000000        6.88470786284598     
   16.5000000000000        8.50000000000000        7.61216768894857     
   16.5000000000000        9.00000000000000        8.37652335871864     
   16.5000000000000        9.50000000000000        9.17819170037677     
   16.5000000000000        10.0000000000000        10.0000000000000     
   17.0000000000000       0.000000000000000E+000  0.000000000000000E+000
   17.0000000000000       0.500000000000000       0.190779222319767     
   17.0000000000000        1.00000000000000       0.393366808885533     
   17.0000000000000        1.50000000000000       0.633902529534434     
   17.0000000000000        2.00000000000000       0.903132646543781     
   17.0000000000000        2.50000000000000        1.21164740320268     
   17.0000000000000        3.00000000000000        1.54816281859193     
   17.0000000000000        3.50000000000000        1.92626351035019     
   17.0000000000000        4.00000000000000        2.33148686181000     
   17.0000000000000        4.50000000000000        2.77944142618317     
   17.0000000000000        5.00000000000000        3.25495369569604     
   17.0000000000000        5.50000000000000        3.77218594410765     
   17.0000000000000        6.00000000000000        4.31781999671392     
   17.0000000000000        6.50000000000000        4.90548933935146     
   17.0000000000000        7.00000000000000        5.52221611365011     
   17.0000000000000        7.50000000000000        6.18113624940430     
   17.0000000000000        8.00000000000000        6.87049673676755     
   17.0000000000000        8.50000000000000        7.60214532162931     
   17.0000000000000        9.00000000000000        8.36565174572738     
   17.0000000000000        9.50000000000000        9.17372590387976     
   17.0000000000000        10.0000000000000        10.0000000000000     
   17.5000000000000       0.000000000000000E+000  0.000000000000000E+000
   17.5000000000000       0.500000000000000       0.189083591032010     
   17.5000000000000        1.00000000000000       0.391476591681778     
   17.5000000000000        1.50000000000000       0.627750203703705     
   17.5000000000000        2.00000000000000       0.896904893695226     
   17.5000000000000        2.50000000000000        1.20119114434778     
   17.5000000000000        3.00000000000000        1.53873144911185     
   17.5000000000000        3.50000000000000        1.91244585954470     
   17.5000000000000        4.00000000000000        2.31949245228235     
   17.5000000000000        4.50000000000000        2.76348223708534     
   17.5000000000000        5.00000000000000        3.24070793883170     
   17.5000000000000        5.50000000000000        3.75536520204624     
   17.5000000000000        6.00000000000000        4.30346242125594     
   17.5000000000000        6.50000000000000        4.88924466986779     
   17.5000000000000        7.00000000000000        5.50918180900713     
   17.5000000000000        7.50000000000000        6.16689127304016     
   17.5000000000000        8.00000000000000        6.86027438632130     
   17.5000000000000        8.50000000000000        7.59144093631058     
   17.5000000000000        9.00000000000000        8.36127561002740     
   17.5000000000000        9.50000000000000        9.16895495565815     
   17.5000000000000        10.0000000000000        10.0000000000000     
   18.0000000000000       0.000000000000000E+000  0.000000000000000E+000
   18.0000000000000       0.500000000000000       0.189775627406854     
   18.0000000000000        1.00000000000000       0.388098460159569     
   18.0000000000000        1.50000000000000       0.624654370392466     
   18.0000000000000        2.00000000000000       0.889720138851807     
   18.0000000000000        2.50000000000000        1.19449500705082     
   18.0000000000000        3.00000000000000        1.52705801074688     
   18.0000000000000        3.50000000000000        1.90310969555759     
   18.0000000000000        4.00000000000000        2.30687923028394     
   18.0000000000000        4.50000000000000        2.75249875434300     
   18.0000000000000        5.00000000000000        3.22685868260103     
   18.0000000000000        5.50000000000000        3.74366232421452     
   18.0000000000000        6.00000000000000        4.28927754075006     
   18.0000000000000        6.50000000000000        4.87764951304799     
   18.0000000000000        7.00000000000000        5.49539610618221     
   18.0000000000000        7.50000000000000        6.15600774080416     
   18.0000000000000        8.00000000000000        6.84648711957872     
   18.0000000000000        8.50000000000000        7.58172924942730     
   18.0000000000000        9.00000000000000        8.34903058058198     
   18.0000000000000        9.50000000000000        9.16159191570117     
   18.0000000000000        10.0000000000000        10.0000000000000     
   18.5000000000000       0.000000000000000E+000  0.000000000000000E+000
   18.5000000000000       0.500000000000000       0.190504304492129     
   18.5000000000000        1.00000000000000       0.388893772248292     
   18.5000000000000        1.50000000000000       0.621393547230350     
   18.5000000000000        2.00000000000000       0.886670805343593     
   18.5000000000000        2.50000000000000        1.18741353762017     
   18.5000000000000        3.00000000000000        1.52199428043676     
   18.5000000000000        3.50000000000000        1.89321384820317     
   18.5000000000000        4.00000000000000        2.29828621464588     
   18.5000000000000        4.50000000000000        2.74083792567487     
   18.5000000000000        5.00000000000000        3.21703715557339     
   18.5000000000000        5.50000000000000        3.73122153678360     
   18.5000000000000        6.00000000000000        4.27915917304148     
   18.5000000000000        6.50000000000000        4.86531114179387     
   18.5000000000000        7.00000000000000        5.48574562147657     
   18.5000000000000        7.50000000000000        6.14441743924901     
   18.5000000000000        8.00000000000000        6.83882010327998     
   18.5000000000000        8.50000000000000        7.57138086661091     
   18.5000000000000        9.00000000000000        8.34347944690547     
   18.5000000000000        9.50000000000000        9.15374736247551     
   18.5000000000000        10.0000000000000        10.0000000000000     
   19.0000000000000       0.000000000000000E+000  0.000000000000000E+000
   19.0000000000000       0.500000000000000       0.199275244824883     
   19.0000000000000        1.00000000000000       0.391584137219838     
   19.0000000000000        1.50000000000000       0.621892827675697     
   19.0000000000000        2.00000000000000       0.882553417308623     
   19.0000000000000        2.50000000000000        1.18422753437092     
   19.0000000000000        3.00000000000000        1.51478896862121     
   19.0000000000000        3.50000000000000        1.88812366421105     
   19.0000000000000        4.00000000000000        2.29014286024295     
   19.0000000000000        4.50000000000000        2.73467369350297     
   19.0000000000000        5.00000000000000        3.20805707127707     
   19.0000000000000        5.50000000000000        3.72457006167947     
   19.0000000000000        6.00000000000000        4.26980713076877     
   19.0000000000000        6.50000000000000        4.85845432211532     
   19.0000000000000        7.00000000000000        5.47527384461697     
   19.0000000000000        7.50000000000000        6.13721667169487     
   19.0000000000000        8.00000000000000        6.82670923739652     
   19.0000000000000        8.50000000000000        7.56150763514184     
   19.0000000000000        9.00000000000000        8.32458209839257     
   19.0000000000000        9.50000000000000        9.13052888829560     
   19.0000000000000        10.0000000000000        10.0000000000000     
   19.5000000000000       0.000000000000000E+000  0.000000000000000E+000
   19.5000000000000       0.500000000000000       0.208619189651120     
   19.5000000000000        1.00000000000000       0.398637283152137     
   19.5000000000000        1.50000000000000       0.622470864331490     
   19.5000000000000        2.00000000000000       0.883753285889333     
   19.5000000000000        2.50000000000000        1.18089810475768     
   19.5000000000000        3.00000000000000        1.51322028079394     
   19.5000000000000        3.50000000000000        1.88275953956467     
   19.5000000000000        4.00000000000000        2.28642458411428     
   19.5000000000000        4.50000000000000        2.72815143387591     
   19.5000000000000        5.00000000000000        3.20357451002404     
   19.5000000000000        5.50000000000000        3.71751082407217     
   19.5000000000000        6.00000000000000        4.26501342012211     
   19.5000000000000        6.50000000000000        4.85115612906044     
   19.5000000000000        7.00000000000000        5.47108724963094     
   19.5000000000000        7.50000000000000        6.12952767396372     
   19.5000000000000        8.00000000000000        6.82116342112900     
   19.5000000000000        8.50000000000000        7.55094661486675     
   19.5000000000000        9.00000000000000        8.30962346650997     
   19.5000000000000        9.50000000000000        9.10568544177392     
   19.5000000000000        10.0000000000000        10.0000000000000     
   20.0000000000000       0.000000000000000E+000  0.783016859905451     
   20.0000000000000       0.500000000000000       0.643380552536396     
   20.0000000000000        1.00000000000000       0.798883912376777     
   20.0000000000000        1.50000000000000       0.883237951520891     
   20.0000000000000        2.00000000000000        1.14848494150896     
   20.0000000000000        2.50000000000000        1.35753603083954     
   20.0000000000000        3.00000000000000        1.68737755961070     
   20.0000000000000        3.50000000000000        1.99114590804073     
   20.0000000000000        4.00000000000000        2.37805197373470     
   20.0000000000000        4.50000000000000        2.77043229373470     
   20.0000000000000        5.00000000000000        3.21155228672904     
   20.0000000000000        5.50000000000000        3.68933215916497     
   20.0000000000000        6.00000000000000        4.18088660528433     
   20.0000000000000        6.50000000000000        4.74193285901602     
   20.0000000000000        7.00000000000000        5.27495137676774     
   20.0000000000000        7.50000000000000        5.91824593960880     
   20.0000000000000        8.00000000000000        6.47881346545860     
   20.0000000000000        8.50000000000000        7.18950156392760     
   20.0000000000000        9.00000000000000        7.71610806246901     
   20.0000000000000        9.50000000000000        8.40204645459464     
   20.0000000000000        10.0000000000000        9.27899242662583     
